  1.0000000e+000  2.1493152e+000  3.5033921e+000  2.2024331e+000  3.1389309e+000  3.6036710e+000
  2.0000000e+000  4.1507984e+000  3.8589279e+000  3.1129627e+000  6.0630310e-001  2.8239475e+000
  2.0000000e+000  2.5631336e+000  4.2311443e+000  2.7955534e+000  2.5235440e+000  1.2728556e+000
  2.0000000e+000  3.9194879e+000  2.2386715e+000  3.0166922e+000  4.7712143e+000  3.6607959e+000
  1.0000000e+000  3.9465271e+000  4.0731601e+000  3.8733057e+000  2.4660924e+000  3.3983883e+000
  2.0000000e+000  2.6182298e+000  4.6884826e+000  4.6360066e+000  4.7350553e+000  2.8780063e+000
  2.0000000e+000  3.2027821e+000  4.6109247e+000  2.0737229e+000  2.4189087e+000  2.4746730e+000
  2.0000000e+000  4.2467497e+000  2.7818473e+000  2.2410550e+000  3.6568297e+000  2.2328388e+000
  2.0000000e+000  4.4126291e+000  4.0512988e+000  3.3057375e+000  2.5431453e+000  1.7862697e+000
  2.0000000e+000  2.1482789e+000  2.1025161e+000  3.9917387e+000  2.9284815e+000  4.0398829e+000
  2.0000000e+000  3.0316378e+000  4.4798184e+000  2.4057225e+000  2.9333585e+000  2.6062897e+000
  2.0000000e+000  2.4546279e+000  3.3341020e+000  2.3730506e+000  3.1922112e+000  2.8242081e+000
  2.0000000e+000  2.5800027e+000  5.5045653e+000  2.9877742e+000  3.7395274e+000  4.6116504e+000
  1.0000000e+000  2.8229022e+000  3.9932541e+000  4.6648387e+000  3.2339055e+000  3.9711296e+000
  2.0000000e+000  5.0443741e+000  1.9461990e+000  3.1649516e+000  5.0954803e+000  2.4286767e+000
  1.0000000e+000  3.1367898e+000  2.0494460e+000  2.2058918e+000  2.7720899e+000  3.1088699e+000
  2.0000000e+000  3.5685657e+000  2.2890294e+000  3.4412318e+000  2.6386673e+000  1.7777377e+000
  2.0000000e+000  2.2521464e+000  1.8240748e+000  3.4763799e+000  3.9147141e+000  4.4431997e+000
  2.0000000e+000  2.5232647e+000  3.8282147e+000  4.4824438e+000  3.3784741e+000  1.5972489e+000
  2.0000000e+000  2.5386124e+000  2.2283933e+000  3.1774121e+000  1.8339763e+000  3.7263136e+000
  2.0000000e+000  3.9933015e+000  6.2188949e-001  2.7376140e+000  3.4261070e+000  3.3359618e+000
  2.0000000e+000  3.4590934e+000  1.7488230e+000  2.2149518e+000  1.5254334e+000  4.4004734e+000
  2.0000000e+000  3.4188214e+000  1.7156306e+000  3.2830925e+000  1.8518952e+000  1.5995880e+000
  1.0000000e+000  2.4054346e+000  2.9915909e+000  5.2290614e+000  3.5812229e+000  3.3035855e+000
  2.0000000e+000  2.2280233e+000  3.3991684e+000  3.8775142e+000  4.2879556e+000  3.5337845e+000
  2.0000000e+000  1.0928100e+000  3.0683850e+000  3.3727584e+000  2.9329340e+000  2.6637349e+000
  1.0000000e+000  2.5197797e+000  4.0724429e+000  2.3136024e+000  2.8003100e+000  3.4295566e+000
  2.0000000e+000  4.1611529e+000  2.3743077e+000  3.4405687e+000  2.2898506e+000  2.5327167e+000
  1.0000000e+000  1.9390084e+000  1.7059237e+000  2.9360223e+000  3.4415596e+000  3.3496087e+000
  2.0000000e+000  3.8519822e+000  3.4984199e+000  4.1224314e+000  2.7681424e+000  2.6900992e+000
  2.0000000e+000  3.0846364e+000  3.2095588e+000  3.9774958e+000  1.9408224e+000  3.7112415e+000
  2.0000000e+000  6.1024409e-001  1.7685083e+000  4.7603172e+000  2.3809376e+000  4.1304023e+000
  2.0000000e+000  4.1076805e+000  3.1715138e+000  2.7228602e+000  3.5563473e+000  4.8015707e+000
  2.0000000e+000  3.2342958e+000  3.0045888e+000  2.8295594e+000  3.9686171e+000  3.7532251e+000
  2.0000000e+000  3.1362696e+000  2.9838841e+000  4.1583219e+000  4.2850751e+000  2.3803905e+000
  1.0000000e+000  3.4065068e+000  1.8672120e+000  4.2497500e+000  3.8602034e+000  3.1997595e+000
  1.0000000e+000  3.9631925e+000  3.1603723e+000  3.8138825e+000  2.9303933e+000  3.7061418e+000
  1.0000000e+000  1.3215541e+000  2.9194068e+000  4.0571803e+000  2.1362529e+000  3.4375587e+000
  2.0000000e+000  3.1199418e+000  1.8773799e+000  3.1433449e+000  3.1987327e+000  1.9130816e+000
  2.0000000e+000  5.9178331e-001  3.0594596e+000  4.4973270e+000  3.0027250e+000  4.7387700e+000
  2.0000000e+000  3.7429856e+000  4.9744246e+000  2.9938799e+000  3.2441978e+000  3.8027482e+000
  2.0000000e+000  2.5695724e+000  2.1394111e+000  3.0167736e+000  3.8779195e+000  4.5092853e+000
  2.0000000e+000  2.4023119e+000  6.8018677e-001  4.3330912e+000  3.7288106e+000  2.8467569e+000
  1.0000000e+000  2.2885067e+000  2.0335088e+000  4.4984218e+000  3.1331848e+000  3.9734684e+000
  2.0000000e+000  1.6636334e+000  3.2854742e+000  3.5769764e+000  2.6563776e+000  1.5444198e+000
  2.0000000e+000  3.8697283e+000  2.6876871e+000  2.2637825e+000  1.9583656e+000  1.5388029e+000
  2.0000000e+000  2.2765000e+000  1.8753934e+000  3.8566283e+000  3.1364898e+000  2.6602115e+000
  2.0000000e+000  4.0079518e+000  1.7030944e+000  2.3246372e+000  5.1976337e+000  2.0539084e+000
  1.0000000e+000  1.6091062e+000  3.0615325e+000  3.5064040e+000  2.8597216e+000  3.2471836e+000
  2.0000000e+000  3.1104204e+000  2.5781691e+000  1.6712143e+000  2.0599565e+000  4.1537931e+000
  2.0000000e+000  3.8740073e+000  3.7896096e+000  4.0608043e+000  4.5029854e+000  4.2221163e+000
  2.0000000e+000  2.5695462e+000  4.9302075e+000  3.1513678e+000  2.2887132e+000  2.7849045e+000
  1.0000000e+000  3.8010485e+000  2.5685637e+000  3.7050318e+000  2.4493017e+000  3.3227056e+000
  2.0000000e+000  3.4810604e+000  2.6151860e+000  3.9035846e+000  2.3991977e+000  2.5394488e+000
  2.0000000e+000  3.0977923e+000  3.8652518e+000  3.5786976e+000  4.5171724e+000  7.8754733e-001
  1.0000000e+000  3.2358141e+000  3.5099264e+000  3.5271135e+000  2.8641092e+000  3.6311359e+000
  2.0000000e+000  3.2521013e+000  3.2182173e+000  2.8345572e+000  4.7685969e+000  2.7957659e+000
  2.0000000e+000  3.3485868e+000  2.3928150e+000  2.4846138e+000  1.7572773e+000  4.7856488e+000
  2.0000000e+000  3.2872449e+000  2.9803525e+000  3.4285853e+000  3.6238311e+000  4.9550757e+000
  2.0000000e+000  4.1919697e+000  4.6656444e+000  2.8800939e+000  3.8954441e+000  2.7135374e+000
  1.0000000e+000  2.5119831e+000  2.5092917e+000  2.3388222e+000  3.2026981e+000  3.5985192e+000
  2.0000000e+000  3.4369808e+000  1.7713587e+000  3.2205344e+000  3.5793840e+000  5.3110578e+000
  2.0000000e+000  4.6429749e+000  3.1219752e+000  3.5941187e+000  3.4489706e+000  5.8235884e+000
  2.0000000e+000  3.7480693e+000  2.4558566e+000  6.7357543e-001  4.3676020e+000  3.2539639e+000
  2.0000000e+000  3.4057412e+000  3.8774878e+000  2.7543095e+000  1.4943929e+000  4.3339995e+000
  2.0000000e+000  4.8505528e+000  4.5552347e+000  2.8504532e+000  3.8979654e+000  2.8796260e+000
  2.0000000e+000  4.4955089e+000  3.6645458e+000  2.5070707e+000  2.2236503e+000  2.3485548e+000
  2.0000000e+000  2.2538369e+000  2.5172358e+000  2.3823543e+000  1.6724951e+000  5.0418758e+000
  2.0000000e+000  1.6403342e+000  2.1861697e+000  2.2982516e+000  2.9614378e+000  2.8948688e+000
  1.0000000e+000  2.4608362e+000  4.1753563e+000  2.6059564e+000  3.5967349e+000  3.0047452e+000
  2.0000000e+000  5.1180467e+000  1.5933326e+000  3.3007649e+000  4.6217741e+000  3.2626266e+000
  2.0000000e+000  2.5743486e+000  2.3137247e+000  4.3449123e+000  1.6940633e+000  3.3368637e+000
  2.0000000e+000  2.9913802e+000  4.2775660e+000  4.4571015e+000  5.0735721e+000  3.4319650e+000
  2.0000000e+000  3.3875358e+000  2.6998482e+000  1.2850905e+000  4.6086007e+000  2.9328144e+000
  2.0000000e+000  3.6227413e+000  4.0294691e+000  2.2211026e+000  3.6691471e+000  2.1639052e+000
  1.0000000e+000  1.3140384e+000  3.3351526e+000  2.9608535e+000  3.7185135e+000  3.2228150e+000
  2.0000000e+000  1.5085510e+000  2.9355539e+000  5.0929118e+000  5.1207859e+000  3.2249168e+000
  2.0000000e+000  2.7766814e+000  3.7660810e+000  4.4035347e+000  3.3233258e+000  4.3059748e+000
  2.0000000e+000  2.8436478e+000  1.0302068e+000  3.9820786e+000  4.5167709e+000  2.5756871e+000
  2.0000000e+000  2.8182679e+000  3.4892866e+000  1.1169608e+000  1.5247611e+000  1.3891870e+000
  2.0000000e+000  1.8783758e+000  4.3127314e+000  2.3344392e+000  4.0158861e+000  2.2209618e+000
  2.0000000e+000  1.8620542e+000  3.4348387e+000  3.7506202e+000  4.1013244e+000  2.5383935e+000
  2.0000000e+000  1.1381866e+000  2.4940254e+000  1.8269019e+000  2.9917065e+000  2.1473176e+000
  2.0000000e+000  2.1456722e+000  2.8661712e+000  1.9365639e+000  2.3882222e+000  1.7716006e+000
  1.0000000e+000  2.9229406e+000  1.9025429e+000  2.9549704e+000  3.3435132e+000  3.0449840e+000
  2.0000000e+000  3.8742480e+000  1.4174444e+000  1.2888877e+000  2.3942203e+000  4.0018672e+000
  2.0000000e+000  2.4856894e+000  1.5869406e+000  3.1702830e+000  3.9485268e+000  4.5711956e+000
  2.0000000e+000  2.0069267e+000  1.0085396e+000  1.7515811e+000  3.0521373e+000  1.2391819e+000
  2.0000000e+000  2.8273844e+000  3.8386386e+000  3.5660527e+000  1.9192648e+000  2.5230241e+000
  2.0000000e+000  2.2964981e+000  2.3226090e+000  1.7270811e+000  1.7726720e+000  3.1930126e+000
  2.0000000e+000  3.0822656e+000  2.9139240e+000  3.5080492e+000  2.9011131e+000  2.3370241e+000
  2.0000000e+000  4.0359787e+000  2.6837891e+000  4.6176680e+000  1.8829959e+000  3.0675449e+000
  2.0000000e+000  2.7646622e+000  3.4540001e+000  4.3238258e+000  1.9073159e+000  3.0270117e+000
  2.0000000e+000  4.0709207e+000  4.8666407e-001  2.6463556e+000  3.2166315e+000  3.3460210e+000
  2.0000000e+000  3.0167961e+000  3.2468024e+000  2.2031655e+000  3.9294583e+000  2.8258725e+000
  2.0000000e+000  2.2148548e+000  1.7805083e+000  2.3790745e+000  3.1070399e+000  9.8727758e-001
  2.0000000e+000  3.6727967e+000  3.0550711e+000  4.0740502e+000  4.5383767e+000  3.3736847e+000
  1.0000000e+000  3.8639547e+000  3.8382476e+000  2.3560613e+000  3.0680576e+000  3.1927291e+000
  2.0000000e+000  1.9163950e+000  2.8089768e+000  7.9597528e-001  4.2337353e+000  1.4037214e+000
  2.0000000e+000  3.3690290e+000  3.8690149e+000  2.0263054e+000  4.0668483e+000  4.1355202e+000
  2.0000000e+000  3.6800840e+000  2.0476487e+000  1.5904633e+000  4.0279845e+000  4.9125154e+000
  2.0000000e+000  5.5507485e+000  2.3695777e+000  2.8291778e+000  4.1923749e+000  3.5886282e+000
  2.0000000e+000  2.2592473e+000  4.5187733e+000  4.2535542e+000  3.5598804e+000  2.0666000e+000
  2.0000000e+000  2.1603703e+000  2.6024462e+000  2.1350400e+000  2.8920142e+000  5.7679108e+000
  2.0000000e+000  2.1084102e+000  2.4486228e+000  2.2087223e+000  2.7312649e+000  1.6656801e+000
  2.0000000e+000  2.7766092e+000  5.6158243e+000  2.7986716e+000  3.8267648e+000  2.8768985e+000
  2.0000000e+000  2.0406921e+000  3.7868492e+000  3.1796973e+000  1.8688401e+000  2.9306204e+000
  1.0000000e+000  4.4850150e+000  1.4356695e+000  1.3932880e+000  3.2768415e+000  3.6320863e+000
  2.0000000e+000  3.7565102e+000  3.7892090e+000  4.0497083e+000  4.3514624e+000  1.8963933e+000
  2.0000000e+000  3.4954660e+000  3.2616609e+000  3.8506238e+000  3.1813823e+000  2.7748880e+000
  2.0000000e+000  1.0674063e+000  3.1581943e+000  2.0846388e+000  3.1212750e+000  1.2149044e+000
  2.0000000e+000  1.9623821e+000  3.5840204e+000  2.3798035e+000  1.7610214e+000  2.5593269e+000
  1.0000000e+000  2.7798975e+000  2.3835154e+000  4.9704624e+000  3.7365519e+000  3.0429853e+000
  2.0000000e+000  4.4795058e+000  3.5410226e+000  5.2438323e+000  2.4972116e+000  1.8799516e+000
  2.0000000e+000  5.6382457e+000  3.0379606e+000  1.5285814e+000  3.1732610e+000  2.9733215e+000
  2.0000000e+000  3.5760191e+000  3.1137088e+000  2.5438806e+000  2.0490200e+000  3.7654025e+000
  2.0000000e+000  2.6151389e+000  2.9749008e+000  3.8085137e+000  1.7441944e+000  2.2977500e+000
  2.0000000e+000  2.9454744e+000  3.2265389e+000  3.7067649e+000  4.1991567e+000  2.6859860e+000
  1.0000000e+000  1.8626913e+000  2.4952062e+000  2.5081446e+000  2.4015923e+000  3.2724496e+000
  2.0000000e+000  4.2091936e+000  2.9479126e+000  3.2510849e+000  3.3237173e+000  1.3689219e+000
  1.0000000e+000  2.2624504e+000  3.6423309e+000  2.9895265e+000  2.8646895e+000  3.3312638e+000
  1.0000000e+000  3.3900811e+000  2.5704010e+000  2.8815369e+000  2.8363522e+000  3.4343172e+000
  1.0000000e+000  2.5217144e+000  2.1360089e+000  3.5804519e+000  3.0806119e+000  3.3403539e+000
  2.0000000e+000  3.1905125e+000  2.6220730e+000  1.6630407e+000  3.0915739e+000  5.8997596e+000
  2.0000000e+000  3.6979460e+000  4.7703379e+000  4.5810315e+000  4.1094786e+000  3.2241432e+000
  2.0000000e+000  3.3347237e+000  2.5839341e+000  2.3698495e+000  1.7389091e+000  3.8152755e+000
  2.0000000e+000  4.0527815e+000  2.9640986e+000  1.3957145e+000  3.0463348e+000  2.0612005e+000
  2.0000000e+000  2.7716969e+000  3.2455054e+000  3.3683212e+000  3.9733497e+000  4.6970318e+000
  1.0000000e+000  2.2642997e+000  2.2010168e+000  2.4403026e+000  3.0887925e+000  3.7219882e+000
  2.0000000e+000  2.2067917e+000  1.4379199e+000  2.8618877e+000  2.4298961e+000  2.5491909e+000
  2.0000000e+000  3.4340096e+000  1.7249190e+000  3.0812229e+000  2.7109440e+000  7.9376017e-001
  1.0000000e+000  1.6135246e+000  2.9328181e+000  3.6017227e+000  3.0097314e+000  3.9705706e+000
  1.0000000e+000  1.9232709e+000  4.0718218e+000  4.5150047e+000  3.3979159e+000  3.3173111e+000
  2.0000000e+000  2.2607424e+000  5.2374318e+000  4.0233779e+000  4.2226161e+000  3.1532416e+000
  2.0000000e+000  2.7057471e+000  1.6831157e+000  2.3002329e+000  2.5977821e+000  2.7551926e+000
  1.0000000e+000  2.9591592e+000  2.3250126e+000  1.6573250e+000  3.0599949e+000  3.2798004e+000
  2.0000000e+000  2.8576420e+000  2.3107255e+000  2.6654379e+000  3.4657883e+000  5.4935921e+000
  2.0000000e+000  3.1622077e+000  3.0884807e+000  3.4694894e+000  1.8275936e+000  1.7374365e+000
  2.0000000e+000  3.7834818e+000  3.4759606e+000  3.4763276e+000  1.7303099e+000  2.2876327e+000
  2.0000000e+000  2.4994693e+000  2.7744056e+000  4.4103728e+000  1.6591551e+000  3.7175029e+000
  1.0000000e+000  1.0238691e+000  1.8964764e+000  2.7414828e+000  3.0585938e+000  3.1111982e+000
  2.0000000e+000  5.3072656e+000  1.8024345e+000  2.3143482e+000  4.4869564e+000  4.2448764e+000
  1.0000000e+000  1.4623023e+000  3.3123297e+000  3.9984528e+000  2.7133084e+000  3.2012214e+000
  2.0000000e+000  3.2297857e+000  2.1725780e+000  2.4118516e+000  5.0241308e+000  5.1070789e+000
  2.0000000e+000  2.5123878e+000  1.5775158e+000  2.5957398e+000  3.4592084e+000  2.3057807e+000
  2.0000000e+000  3.8195456e+000  3.1324752e+000  3.2684900e+000  2.0725672e+000  2.2582805e+000
  2.0000000e+000  5.1142553e+000  8.4284141e-001  3.3437700e+000  4.2337660e+000  3.6239176e+000
  2.0000000e+000  2.1530871e+000  3.9678600e+000  3.5515942e+000  3.2202960e+000  5.3719450e+000
  1.0000000e+000  3.1130604e+000  2.7768065e+000  4.5983233e+000  3.9035394e+000  3.2505044e+000
  2.0000000e+000  4.1560261e+000  3.8375142e+000  1.2290369e+000  4.4074562e+000  2.8200695e+000
  2.0000000e+000  3.2161897e+000  1.5417657e+000  2.8900419e+000  2.3822630e+000  1.4400214e+000
  2.0000000e+000  2.7270206e+000  3.2180237e+000  2.8730511e+000  1.0007499e+000  3.0845001e+000
  2.0000000e+000  3.1255353e+000  3.1109210e+000  4.0702591e+000  4.4776165e+000  3.5124590e+000
  2.0000000e+000  3.6110664e+000  2.4594972e+000  3.7669220e+000  2.2998753e+000  3.8205259e+000
  1.0000000e+000  2.9274545e+000  2.5806482e+000  3.1098084e+000  3.4983715e+000  3.7572302e+000
  2.0000000e+000  4.3526994e+000  1.7835907e+000  3.0480803e+000  3.2303885e+000  4.1350184e+000
  2.0000000e+000  1.2364559e+000  2.2144152e+000  2.3567212e+000  4.0115366e+000  2.2375282e+000
  2.0000000e+000  3.0011155e+000  3.3769954e+000  1.0327028e+000  2.4642272e+000  3.9113302e+000
  2.0000000e+000  1.5937090e+000  2.7237708e+000  2.3727450e+000  1.2272031e+000  2.4749795e+000
  2.0000000e+000  2.1418290e+000  3.5434665e+000  4.3464492e+000  2.6412546e+000  2.1309447e+000
  2.0000000e+000  3.2166604e+000  2.9017518e+000  3.2036612e+000  4.6301144e+000  3.7873612e+000
  2.0000000e+000  3.3995809e+000  4.2227956e+000  3.7482298e+000  2.8961063e+000  1.8462005e+000
  2.0000000e+000  5.1517194e+000  4.1327764e+000  1.6988242e+000  1.3044969e+000  1.7288882e+000
  2.0000000e+000  2.2731674e+000  9.1477769e-001  3.2631146e+000  5.3120913e+000  3.3066866e+000
  2.0000000e+000  2.4363866e+000  2.2287093e+000  3.6586612e+000  3.0833440e+000  2.1219178e+000
  2.0000000e+000  3.4888500e+000  2.1217344e+000  3.2822569e+000  1.1672759e+000  2.1619510e+000
  2.0000000e+000  4.7352888e+000  2.6612439e+000  3.1068104e+000  2.5918199e+000  4.1398286e+000
  2.0000000e+000  2.1536349e+000  2.6083233e+000  2.0785990e+000  2.3627893e+000  3.8444576e+000
  2.0000000e+000  2.5643305e+000  2.3744795e+000  1.0233240e-001  2.5240484e+000  4.4001959e+000
  1.0000000e+000  4.0767701e+000  3.4808280e+000  3.5350673e+000  3.0041344e+000  3.9213748e+000
  1.0000000e+000  2.4570806e+000  2.4344219e+000  2.3359814e+000  2.2461422e+000  3.0349117e+000
  2.0000000e+000  3.3012144e+000  6.5738699e-001  1.3587172e+000  2.6037551e+000  4.6580705e+000
  1.0000000e+000  2.6449942e+000  3.5301596e+000  2.2744326e+000  2.3116296e+000  3.0605885e+000
  1.0000000e+000  2.6868879e+000  3.8233046e+000  3.0503942e+000  3.2198857e+000  3.3193540e+000
  2.0000000e+000  2.0808527e+000  5.6371956e+000  3.7244532e+000  4.0065860e+000  2.6408426e+000
  2.0000000e+000  7.5098024e-001  4.2255923e+000  2.4126095e+000  2.2928744e+000  2.8549323e+000
  2.0000000e+000  3.7220607e+000  3.3261358e+000  1.6411657e+000  4.0508757e+000  4.0021290e+000
  2.0000000e+000  3.9507897e+000  3.9289558e+000  3.5739218e+000  4.3183538e+000  3.2379287e+000
  2.0000000e+000  3.6800588e+000  2.6346883e+000  1.3704226e+000  4.2284416e+000  3.9235730e+000
  1.0000000e+000  2.8822767e+000  2.3260613e+000  3.7340178e+000  3.5397865e+000  3.7543314e+000
  2.0000000e+000  1.6715958e+000  2.3296915e+000  3.0061517e+000  2.9861031e+000  2.5421762e+000
  2.0000000e+000  1.0210281e+000  2.2538853e+000  2.6281263e+000  3.9144763e+000  3.9268510e+000
  2.0000000e+000  4.6011589e+000  2.6482967e+000  2.8192963e+000  3.1910364e+000  2.8168845e+000
  2.0000000e+000  3.4507675e+000  2.5633752e+000  2.4837910e+000  1.9373077e+000  4.1656054e+000
  2.0000000e+000  3.5303051e+000  2.4967781e+000  4.1649568e+000  5.3741093e+000  2.8556760e+000
  2.0000000e+000  3.1314084e+000  1.2870034e+000  2.3784832e+000  3.6268989e+000  2.4768676e+000
  1.0000000e+000  2.9108054e+000  3.8663327e+000  4.7287992e+000  2.5846037e+000  3.5554522e+000
  2.0000000e+000  3.4915821e+000  2.6599795e+000  4.2890868e+000  2.1583700e+000  4.1797178e+000
  2.0000000e+000  3.6614497e+000  4.0080112e+000  3.0710863e+000  4.8086166e+000  2.1427984e+000
  2.0000000e+000  2.7760020e+000  1.6286114e+000  4.1484673e+000  3.1818264e+000  3.9940811e+000
  2.0000000e+000  2.0625565e+000  1.5540629e+000  3.3159714e+000  3.0829765e+000  4.3829308e+000
  2.0000000e+000  2.3007458e+000  1.1126496e+000  3.5192324e+000  2.9092440e+000  2.4830421e+000
  1.0000000e+000  2.2505550e+000  2.3966469e+000  2.5931796e+000  2.2976625e+000  3.6235169e+000
  2.0000000e+000  1.7785460e+000  3.4612543e+000  2.4378263e+000  2.0261053e+000  2.2834703e+000
  2.0000000e+000  2.7141500e+000  2.6605076e+000  8.6059130e-001  2.8437735e+000  1.7934404e+000
  2.0000000e+000  4.0631706e+000  2.3701764e+000  4.0099645e+000  3.4518495e+000  5.0514598e+000
  2.0000000e+000  2.7460596e+000  1.1788782e-001  3.4480659e+000  1.9146113e+000  4.4435820e+000
  1.0000000e+000  3.1903122e+000  3.7301567e+000  4.5706562e+000  3.7558713e+000  3.6412405e+000
  2.0000000e+000  3.1093005e+000  3.7067657e+000  4.3992010e+000  4.0119593e+000  4.2468585e+000
  1.0000000e+000  3.1841787e+000  2.0633078e+000  3.7571723e+000  2.9292547e+000  3.2861007e+000
  2.0000000e+000  2.7175452e+000  2.3880113e+000  1.8479161e+000  1.9224185e+000  1.4313692e+000
  1.0000000e+000  2.9409640e+000  3.3520882e+000  3.9776861e+000  3.6588892e+000  3.7357875e+000
  2.0000000e+000  4.2926446e+000  5.0456424e+000  3.9467308e+000  1.7318384e+000  2.8925748e+000
  2.0000000e+000  4.1651101e+000  6.9013045e-001  3.4287938e+000  3.2362244e+000  4.5338245e+000
  2.0000000e+000  5.4002839e+000  3.6339242e+000  3.0210565e+000  1.7891775e+000  5.2963208e+000
  2.0000000e+000  9.2955280e-001  4.0946811e+000  1.2203778e+000  1.9732226e+000  4.1620968e+000
  2.0000000e+000  3.2117332e+000  2.8579721e+000  3.5544446e+000  4.2659251e+000  3.3976023e+000
  2.0000000e+000  2.0921303e+000  2.7381485e+000  2.4493400e+000  5.7619652e-001  3.0278349e+000
  2.0000000e+000  1.6333850e+000  2.3274339e+000  3.9679665e+000  2.2239011e+000  1.9199465e+000
  2.0000000e+000  2.4065500e+000  6.1239252e-001  1.9256297e+000  4.5950856e+000  2.0434503e+000
  2.0000000e+000  1.8834702e+000  3.2345530e+000  4.4527390e+000  3.1948492e+000  4.5987312e+000
  2.0000000e+000  1.3568556e+000  2.1156991e+000  2.0503535e+000  2.6787109e+000  4.2361808e+000
  2.0000000e+000  2.0845785e+000  3.1630927e+000  3.4872807e+000  2.6487393e+000  2.4441535e+000
  2.0000000e+000  3.6946375e+000  2.6211321e+000  4.3892245e+000  1.6284405e+000  4.0528415e+000
  2.0000000e+000  3.8468708e+000  1.9927244e+000  2.0879783e+000  2.2318870e+000  4.8767496e+000
  2.0000000e+000  2.2358193e+000  2.1501097e+000  3.9864771e+000  1.6713948e+000  1.8462835e+000
  1.0000000e+000  5.9760104e-001  2.0076357e+000  2.9111356e+000  2.7271063e+000  3.6205271e+000
  2.0000000e+000  3.1802986e+000  1.0038518e+000  4.4900117e+000  1.4387960e+000  3.2309836e+000
  1.0000000e+000  2.7716359e+000  4.6603587e+000  2.2558844e+000  3.6467462e+000  3.0105666e+000
  1.0000000e+000  3.1243240e+000  3.6582745e+000  1.7889132e+000  2.4719978e+000  3.0630197e+000
  2.0000000e+000  3.0999477e+000  2.7966619e+000  2.9667899e+000  1.3468005e+000  3.4627253e+000
  1.0000000e+000  2.9432559e+000  2.9813308e+000  3.4626531e+000  2.7375604e+000  3.8093689e+000
  2.0000000e+000  1.6872509e+000  2.3412777e+000  3.5872495e+000  3.6374737e+000  2.7953039e+000
  2.0000000e+000  1.8120143e+000  2.7203376e+000  3.4518015e+000  3.4079976e+000  2.8203006e+000
  2.0000000e+000  3.2488246e+000  1.4957790e+000  1.5327204e+000  4.3102051e+000  2.5810253e+000
  2.0000000e+000  1.3115084e+000  1.9226448e+000  5.2015862e+000  3.5217262e+000  3.9025872e+000
  2.0000000e+000  4.3343581e+000  3.6611740e+000  3.4593104e+000  4.0614884e-002  2.9779216e+000
  2.0000000e+000  2.6541684e+000  3.1279337e+000  1.9915079e+000  3.2093662e+000  4.0279342e+000
  2.0000000e+000  3.7688979e+000  2.6218185e+000  3.4712070e+000  3.2108613e+000  2.9191566e+000
  2.0000000e+000  2.8571124e+000  4.1410412e+000  2.9245172e+000  1.2335297e+000  3.4023324e+000
  2.0000000e+000  7.8473394e-001  3.7453032e+000  7.0411504e-001  3.3847077e+000  2.7933267e+000
  2.0000000e+000  3.6390435e+000  3.3532710e+000  1.7735430e+000  2.2863739e+000  4.3214445e+000
  2.0000000e+000  2.9608942e+000  2.1589969e+000  3.6157687e+000  2.2811238e+000  2.9860764e+000
  2.0000000e+000  4.3290722e+000  4.5701178e+000  4.6349306e+000  1.0129017e+000  1.3135032e+000
  2.0000000e+000  3.4106273e+000  1.0091992e+000  4.3775095e+000  1.9061514e+000  2.8784172e+000
  1.0000000e+000  3.9178896e+000  1.7772831e+000  3.0918175e+000  3.1402864e+000  3.0046915e+000
  2.0000000e+000  2.5054535e+000  2.1592314e+000  4.5237851e+000  4.2507097e+000  2.5683054e+000
  2.0000000e+000  4.1249184e+000  3.5119228e+000  2.0425111e+000  2.1383607e+000  2.6473269e+000
  2.0000000e+000  3.4296996e+000  3.2357892e+000  4.1437942e+000  2.5486406e+000  2.8584456e+000
  2.0000000e+000  3.5899440e+000  3.6959816e+000  4.1735436e+000  2.6302647e+000  2.5905746e+000
  2.0000000e+000  2.0180277e+000  3.0950822e+000  1.3695237e+000  3.9225487e+000  4.0775887e+000
  2.0000000e+000  3.0418133e+000  3.4840718e+000  3.3547040e+000  3.7422929e+000  3.7988130e+000
  2.0000000e+000  3.4685021e+000  2.8037258e+000  3.4704557e+000  2.0700446e+000  3.4629737e+000
  2.0000000e+000  2.5133028e+000  2.6151593e+000  3.6379313e+000  1.6920829e+000  2.7920621e+000
  2.0000000e+000  3.1661371e+000  5.2278085e-001  3.2218458e+000  2.8677266e+000  1.3935886e+000
  2.0000000e+000  2.4137285e+000  3.5923608e+000  3.4301866e+000  3.5648952e+000  2.9989770e+000
  2.0000000e+000  2.4587937e+000  1.8382262e+000  2.4117466e+000  3.8855782e+000  3.6452340e+000
  1.0000000e+000  2.1694550e+000  3.0518849e+000  2.7102685e+000  2.3025218e+000  3.5195717e+000
  2.0000000e+000  1.9785863e+000  1.2583157e+000  2.7732245e+000  1.7234465e+000  2.5201671e+000
  2.0000000e+000  2.3657336e+000  3.2163121e+000  2.2981015e+000  2.4556747e+000  1.5572780e+000
  1.0000000e+000  2.8426838e+000  2.2377822e+000  3.3448216e+000  3.0548991e+000  3.7314144e+000
  2.0000000e+000  4.1735073e+000  1.8874561e+000  4.5810917e+000  4.2983307e+000  3.2736249e+000
  1.0000000e+000  2.7356262e+000  3.8524528e+000  3.1991421e+000  2.7780465e+000  3.7844121e+000
  1.0000000e+000  3.1027175e+000  2.0683738e+000  5.3893681e+000  3.4898582e+000  3.5050754e+000
  2.0000000e+000  2.5362415e+000  2.4187530e+000  5.2400981e+000  2.5740860e+000  4.4639059e+000
  2.0000000e+000  1.6758552e+000  4.3610616e+000  2.4603159e+000  2.7304802e+000  2.5592915e+000
  1.0000000e+000  1.7307346e+000  1.2715848e+000  3.4130283e+000  2.2127487e+000  3.4559197e+000
  2.0000000e+000  8.2554486e-002  3.9297860e+000  2.0708372e+000  4.0784926e+000  5.0106426e+000
  2.0000000e+000  2.8261328e+000  2.9460530e+000  3.2208770e+000  2.2065870e+000  4.4897728e+000
  2.0000000e+000  3.3939478e+000  2.8450490e+000  2.8240748e+000  3.8966585e+000  1.6859445e+000
  1.0000000e+000  2.4544952e+000  2.9512492e+000  3.4550049e+000  2.0577381e+000  3.0023369e+000
  2.0000000e+000  2.4195449e+000  2.4093530e+000  4.3283238e+000  4.2333610e+000  2.6631755e+000
  2.0000000e+000  3.3206810e+000  1.8862837e+000  2.5602008e+000  3.2491022e+000  1.9929415e+000
  1.0000000e+000  2.9498176e+000  3.1648905e+000  3.2962725e+000  3.5842678e+000  3.4528433e+000
  1.0000000e+000  4.2362855e+000  3.3572769e+000  3.6970457e+000  2.2222153e+000  3.3221709e+000
  2.0000000e+000  3.7029519e+000  3.7319232e+000  2.7856748e+000  3.3165205e+000  2.8233288e+000
  2.0000000e+000  3.8118773e+000  1.9430348e+000  2.9367638e+000  5.1558120e+000  2.8335764e+000
  2.0000000e+000  2.5279469e+000  1.9206648e+000  4.8424101e+000  2.5242600e+000  2.8040266e+000
  2.0000000e+000  2.4150845e+000  2.0814092e+000  2.5407060e+000  3.2050064e+000  2.6711345e+000
  1.0000000e+000  3.9007516e+000  3.6809434e+000  4.5415046e+000  3.0427470e+000  3.1737247e+000
  1.0000000e+000  3.8313080e+000  3.8031317e+000  4.3473326e+000  2.9597253e+000  3.3830250e+000
  2.0000000e+000  2.2827226e+000  1.6410209e+000  3.5774730e+000  2.1196756e+000  3.8941182e+000
  2.0000000e+000  2.4861804e+000  2.4969510e+000  2.1867776e+000  1.9549970e+000  3.0569221e+000
  2.0000000e+000  2.4952910e+000  2.0556424e+000  2.7599202e+000  4.8439665e+000  2.2889233e+000
  1.0000000e+000  1.5640196e+000  2.0950329e+000  3.5406939e+000  2.9244802e+000  3.9178640e+000
  2.0000000e+000  2.8928849e+000  1.8666823e+000  3.8743997e+000  2.0195299e+000  2.4286265e+000
  2.0000000e+000  3.8113208e+000  3.2751116e-001  2.3669777e+000  2.4744282e+000  4.0991422e+000
  1.0000000e+000  2.7175565e+000  4.7812628e+000  3.1607527e+000  2.9596514e+000  3.3023637e+000
  1.0000000e+000  2.4874109e+000  2.1626150e+000  3.4068486e+000  3.1658619e+000  3.7223145e+000
  1.0000000e+000  2.6383399e+000  3.2335649e+000  2.6391546e+000  2.4662983e+000  3.2992921e+000
  2.0000000e+000  2.7666781e+000  2.6559375e+000  2.4812932e+000  2.4853446e+000  4.8421500e+000
  2.0000000e+000  3.4437437e+000  4.7492994e+000  2.1772054e+000  3.5113015e+000  2.5147433e+000
  2.0000000e+000  2.7816272e+000  3.4475241e+000  3.3908146e+000  1.6826914e+000  2.5399803e+000
  2.0000000e+000  1.5174803e+000  3.2102195e+000  3.6132079e+000  4.5461281e+000  2.8690251e+000
  2.0000000e+000  2.0352866e+000  4.2163355e+000  5.6190642e+000  2.3148089e+000  2.2081153e+000
  2.0000000e+000  3.2919736e+000  2.8686699e+000  3.4495614e+000  2.9197002e+000  4.8280648e+000
  2.0000000e+000  3.6670765e+000  3.6127604e+000  2.3753350e+000  2.0571244e+000  3.5385847e+000
  2.0000000e+000  1.7556428e+000  2.6018632e+000  1.8408942e+000  4.1567307e+000  4.3019874e+000
  1.0000000e+000  2.8991490e+000  4.6202646e+000  2.6704350e+000  3.3223252e+000  3.0451986e+000
  2.0000000e+000  3.4293459e+000  3.1279107e+000  3.2874390e+000  2.4333388e+000  4.5218998e+000
  2.0000000e+000  2.5984719e+000  3.1102745e+000  2.6738916e+000  1.8793833e+000  3.8566708e+000
  2.0000000e+000  2.0455670e+000  3.6072154e+000  3.4488576e+000  4.5338122e+000  3.2952246e+000
  2.0000000e+000  4.1792328e+000  5.6959491e+000  4.0500775e+000  2.4928171e+000  4.6178086e+000
  2.0000000e+000  1.0078816e+000  4.3530632e+000  1.9714772e+000  4.5075416e+000  4.7801778e+000
  1.0000000e+000  3.2026660e+000  2.4387027e+000  2.5231048e+000  3.5503501e+000  3.4432844e+000
  1.0000000e+000  3.2663969e+000  1.7379494e+000  2.7545735e+000  2.7343744e+000  3.2462843e+000
  2.0000000e+000  2.3001119e+000  3.4857237e+000  3.9928138e+000  2.7443415e+000  2.8048837e+000
  2.0000000e+000  3.1820588e+000  5.8042484e+000  3.0850484e+000  2.8863302e+000  5.0076224e+000
  2.0000000e+000  1.9979989e+000  3.0872133e+000  3.1113662e+000  2.7140462e+000  2.6532883e+000
  2.0000000e+000  3.0944768e+000  4.3703987e+000  4.7007320e+000  3.3799000e+000  4.3487015e+000
  2.0000000e+000  4.1291226e+000  4.8038102e+000  3.0739536e+000  2.6460868e+000  1.3566808e+000
  2.0000000e+000  2.2284669e+000  2.0762448e+000  2.7575982e+000  3.8247775e+000  1.9738066e+000
  2.0000000e+000  3.0549560e+000  3.8647596e+000  3.4847382e+000  1.8235457e+000  5.6128200e+000
  2.0000000e+000  4.0766189e+000  2.8881381e+000  2.2309266e+000  3.3966496e+000  1.9907532e+000
  2.0000000e+000  3.6572874e+000  2.9286357e+000  2.6462238e+000  6.7162882e-001  3.8040131e+000
  2.0000000e+000  1.1358883e+000  3.9920010e+000  3.0587288e+000  2.2145105e+000  1.9418001e+000
  1.0000000e+000  1.5437864e+000  1.5845303e+000  3.0509752e+000  2.6807920e+000  3.0763203e+000
  2.0000000e+000  3.5446968e+000  2.2020166e+000  3.3110280e+000  4.4122460e+000  4.1732772e+000
  2.0000000e+000  4.2724878e+000  3.8391530e+000  3.5170976e+000  3.0765916e+000  9.6094648e-001
  1.0000000e+000  4.3066879e+000  1.8952781e+000  1.9234401e+000  3.2954844e+000  3.8805654e+000
  2.0000000e+000  1.9942305e+000  2.7099055e+000  3.2994761e+000  2.9016388e+000  6.0570479e-001
  2.0000000e+000  2.8553930e+000  3.0462309e+000  3.4751860e+000  2.1520455e+000  2.1923666e+000
  2.0000000e+000  4.2739824e+000  3.4399809e+000  2.4457089e+000  2.0705398e+000  2.9855790e+000
  2.0000000e+000  2.4792587e+000  2.3412909e+000  3.9676065e+000  2.0517311e+000  2.3673856e+000
  2.0000000e+000  2.7360429e+000  1.7156391e+000  3.3881151e+000  3.4081185e+000  1.4992714e+000
  2.0000000e+000  1.3471391e+000  2.1433494e+000  4.1157392e+000  4.3056228e+000  6.7678515e+000
  2.0000000e+000  3.1885849e+000  2.1126687e+000  2.3088621e+000  3.5840030e+000  4.2284173e+000
  2.0000000e+000  2.4039614e+000  1.8022547e+000  2.4387145e+000  2.3108382e+000  2.1688376e+000
  2.0000000e+000  2.4047579e+000  3.8479745e+000  2.7635264e+000  3.6489687e+000  2.8975868e+000
  2.0000000e+000  3.3199229e+000  3.1772083e+000  4.5256766e+000  3.7881766e+000  3.8857713e+000
  2.0000000e+000  3.4152594e+000  8.1126863e-001  4.4093887e+000  4.9350667e+000  2.2356132e+000
  2.0000000e+000  1.3244745e+000  2.3556956e+000  4.5358693e+000  2.3235893e+000  2.6119924e+000
  2.0000000e+000  4.3882280e+000  3.0259080e+000  3.2748348e+000  1.7623071e+000  2.8690664e+000
  2.0000000e+000  1.8597074e+000  3.5384434e+000  4.1320290e+000  3.4834189e+000  2.8725415e+000
  1.0000000e+000  3.7585198e+000  2.9582917e+000  2.7081154e+000  2.8718660e+000  3.8976421e+000
  2.0000000e+000  5.3202521e+000  2.4047965e+000  3.3167939e+000  4.1851236e+000  3.2199277e+000
  1.0000000e+000  3.3093445e+000  3.5322000e+000  2.3618595e+000  2.2242516e+000  3.4228539e+000
  1.0000000e+000  3.7681541e+000  3.6525250e+000  2.7755132e+000  2.4469130e+000  3.7292176e+000
  2.0000000e+000  2.5586541e+000  4.6218632e-001  1.1945815e+000  4.4778528e+000  4.2156891e+000
  2.0000000e+000  3.6705085e+000  3.7450628e+000  1.8752522e+000  3.3036653e+000  2.4107375e+000
  1.0000000e+000  1.3544481e+000  1.8261866e+000  3.2413650e+000  2.9561049e+000  3.4538580e+000
  1.0000000e+000  1.8416501e+000  1.9186177e+000  2.7582151e+000  2.6703947e+000  3.7668188e+000
  2.0000000e+000  4.8902032e+000  2.3487630e+000  3.3119830e+000  3.7684746e+000  1.8620956e+000
  2.0000000e+000  1.5393263e+000  3.4883781e+000  3.7829540e+000  7.8113549e-001  4.6299221e+000
  1.0000000e+000  2.7128692e+000  2.8193569e+000  3.4616920e+000  3.5681946e+000  3.2465720e+000
  1.0000000e+000  3.0838595e+000  3.3913035e+000  3.1980286e+000  2.6860700e+000  3.7217755e+000
  2.0000000e+000  1.4324774e+000  3.8588797e+000  2.1940092e+000  4.5342519e+000  2.1038051e+000
  2.0000000e+000  2.5411681e+000  3.8477824e+000  2.0010542e+000  2.0173297e+000  1.6133562e+000
  2.0000000e+000  3.1862197e+000  3.5879538e+000  2.3322192e+000  3.2164036e+000  4.1030712e+000
  2.0000000e+000  3.5348801e+000  1.7098813e+000  1.6488209e+000  2.2276052e+000  2.4010126e+000
  2.0000000e+000  4.6498625e+000  2.8301173e+000  1.6585651e+000  2.1580020e+000  3.5711101e+000
  2.0000000e+000  1.3239790e+000  3.1648397e+000  2.0393955e+000  1.8383318e+000  4.1499991e+000
  2.0000000e+000  2.4260761e+000  3.4487111e+000  2.6248054e+000  4.0335017e+000  1.0869084e+000
  2.0000000e+000  3.3351836e+000  3.4035285e+000  3.8168973e+000  4.8339937e+000  2.0642144e+000
  2.0000000e+000  2.6421426e+000  4.2291154e+000  4.1209236e+000  3.7465290e+000  3.6931841e+000
  2.0000000e+000  3.5808836e+000  1.6697988e+000  2.4988673e+000  2.8197655e+000  1.5532346e+000
  2.0000000e+000  2.2512658e+000  3.6440045e+000  6.1744911e-001  1.4136502e+000  5.4832248e-001
  2.0000000e+000  1.1870963e+000  2.2014828e+000  1.5306593e+000  4.3912313e+000  4.0289943e+000
  2.0000000e+000  3.0689390e+000  3.8801221e+000  3.3783658e+000  1.9136467e+000  2.2239843e+000
  1.0000000e+000  1.9961455e+000  3.1023889e+000  4.2834044e+000  2.8074254e+000  3.3077444e+000
  2.0000000e+000  2.8371467e+000  3.3058791e+000  1.5945198e+000  8.0871965e-001  4.1674976e+000
  2.0000000e+000  3.8211878e+000  3.4080781e+000  2.6841594e+000  2.1113876e+000  2.2325402e+000
  1.0000000e+000  1.8278483e+000  4.9165036e+000  5.4740564e+000  2.2912990e+000  3.2599740e+000
  2.0000000e+000  4.8726920e+000  3.5399275e+000  2.3306756e+000  4.0083024e+000  4.8046083e+000
  2.0000000e+000  3.4879863e+000  2.1291852e+000  2.5177406e+000  3.9774891e+000  3.6381857e+000
  2.0000000e+000  2.0277442e+000  5.6150785e-001  1.8456677e+000  2.4810970e+000  2.8499562e+000
  2.0000000e+000  1.6101577e+000  2.8504384e+000  2.5413085e+000  3.0921567e+000  2.2059479e+000
  2.0000000e+000  2.3572151e+000  2.6212502e+000  4.1596745e+000  3.0042310e+000  1.8977502e+000
  2.0000000e+000  3.3295932e+000  4.6120389e+000  5.0019651e+000  4.0253992e+000  3.7100971e+000
  1.0000000e+000  3.0261971e+000  3.0986996e+000  2.1398492e+000  2.3255993e+000  3.1167242e+000
  2.0000000e+000  1.4706398e+000  2.4173422e+000  4.7906690e+000  4.1484982e+000  1.9898273e+000
  2.0000000e+000  2.5511346e+000  3.3981347e+000  1.3247447e+000  2.7722701e+000  2.6343713e+000
  2.0000000e+000  2.4285471e+000  3.3202175e+000  3.0372699e+000  4.6621119e+000  2.5936169e+000
  1.0000000e+000  3.8640005e+000  4.3650609e+000  2.6253207e+000  3.2731782e+000  3.8430587e+000
  2.0000000e+000  2.8273331e+000  3.1484989e+000  3.2650668e+000  2.8393549e+000  4.0882864e+000
  2.0000000e+000  3.1330914e+000  2.6980603e+000  3.9504750e+000  3.7053244e+000  1.3047746e+000
  2.0000000e+000  4.1133954e+000  2.4408282e+000  3.3114500e+000  3.2680686e+000  1.4355557e+000
  2.0000000e+000  4.1930422e+000  2.8823348e+000  2.1094223e+000  2.9006380e+000  4.8904438e+000
  2.0000000e+000  3.0706861e+000  2.0312682e+000  3.0582452e+000  3.2299526e+000  4.6537328e+000
  2.0000000e+000  4.5142908e+000  2.1874668e+000  1.5451122e+000  5.0904826e+000  2.1602600e+000
  1.0000000e+000  4.0502899e+000  3.5893563e+000  3.4240317e+000  3.2536962e+000  3.6162764e+000
  2.0000000e+000  4.6522038e+000  3.8584887e+000  3.2831959e+000  5.4191365e-001  4.6773527e+000
  2.0000000e+000  4.2042491e+000  5.1545188e-001  2.2846590e+000  2.3203620e+000  2.8695016e+000
  1.0000000e+000  4.8017933e+000  3.1751627e+000  2.7808478e+000  3.0559799e+000  3.6819220e+000
  2.0000000e+000  4.2320888e+000  3.1286693e+000  1.3068207e+000  3.6422702e+000  2.3641414e+000
  2.0000000e+000  2.2228541e+000  1.5652690e+000  3.1887205e+000  2.7575422e+000  2.5281171e+000
  2.0000000e+000  2.8670972e+000  4.5724243e+000  3.4864477e+000  2.9687704e+000  1.3132184e+000
  2.0000000e+000  4.0736922e+000  5.0168737e+000  3.2481970e+000  4.1035545e+000  5.0663665e+000
  2.0000000e+000  3.8230047e+000  4.9210901e+000  4.7495497e+000  2.0977735e+000  1.8771586e+000
  2.0000000e+000  3.0021160e+000  4.2014840e+000  5.3056066e+000  2.6741637e+000  2.5960869e+000
  2.0000000e+000  2.7987014e+000  2.8311184e+000  5.1567602e+000  2.8585143e+000  2.7515483e+000
  2.0000000e+000  1.5785694e+000  4.0692741e+000  4.8766890e+000  3.9401393e+000  2.7708435e+000
  2.0000000e+000  5.0910385e+000  3.8635617e+000  2.6932277e+000  2.9698386e+000  1.4375068e+000
  2.0000000e+000  2.3004751e+000  4.0449419e-001  2.2317582e+000  2.0736870e+000  3.4965024e+000
  2.0000000e+000  2.9677002e+000  1.1726391e+000  3.9392614e+000  3.3049701e+000  2.3058064e+000
  1.0000000e+000  4.6303342e+000  2.6252009e+000  3.4669894e+000  3.6006562e+000  3.6735174e+000
  2.0000000e+000  3.5862576e+000  2.9378332e+000  2.5945269e+000  2.0857245e+000  2.3787804e+000
  2.0000000e+000  1.3012077e+000  2.7553812e+000  4.2466820e+000  4.0183784e+000  2.1768426e+000
  1.0000000e+000  5.3809526e+000  1.7642137e+000  2.4572497e+000  2.3624575e+000  3.6410811e+000
  2.0000000e+000  3.8312894e+000  4.2634523e+000  1.8607523e+000  1.6232287e+000  3.2851228e+000
  2.0000000e+000  2.7425782e+000  2.8441692e+000  3.6307652e+000  1.9904359e+000  2.1849149e+000
  2.0000000e+000  2.2043904e+000  2.8215503e+000  1.9474964e+000  2.1762271e+000  2.9323458e+000
  2.0000000e+000  2.6775029e+000  2.1664768e+000  2.2838748e+000  4.3531629e+000  2.1587581e+000
  1.0000000e+000  2.8189867e+000  4.4748501e+000  3.9701956e+000  2.1688147e+000  3.0817433e+000
  2.0000000e+000  1.6448193e+000  3.4307415e+000  4.4212398e+000  4.1917775e+000  2.3514047e+000
  2.0000000e+000  3.9348326e+000  9.0782111e-001  2.9600664e+000  3.4154834e+000  4.4141955e+000
  2.0000000e+000  4.1640139e+000  3.3561700e+000  3.2029413e+000  1.9926516e+000  3.9486419e+000
  2.0000000e+000  2.5099905e+000  2.6758869e+000  4.6114236e+000  3.0019085e+000  2.8822010e+000
  2.0000000e+000  1.8816684e+000  1.8941970e+000  2.6325898e+000  4.8699044e+000  1.6741506e+000
  1.0000000e+000  3.8612705e+000  3.7719628e+000  1.3100902e+000  2.7495985e+000  3.2139406e+000
  2.0000000e+000  4.1021206e+000  1.4774146e+000  3.2732520e+000  2.7291723e+000  2.9943015e+000
  2.0000000e+000  2.6282203e+000  2.2259364e+000  2.4648851e+000  2.9423993e+000  2.5993704e+000
  2.0000000e+000  1.4505538e+000  3.1468232e+000  3.4439218e+000  3.0230446e+000  8.1961927e-001
  2.0000000e+000  3.3920102e+000  3.3215728e+000  2.2557530e+000  4.5694655e+000  2.7131820e+000
  2.0000000e+000  2.5066414e+000  3.4206571e+000  2.1622613e+000  3.7942827e+000  2.5031878e+000
  1.0000000e+000  2.6742986e+000  3.4595198e+000  1.2664308e+000  3.1024583e+000  3.8990850e+000
  1.0000000e+000  2.5277997e+000  3.7313233e+000  2.5727206e+000  3.9385752e+000  3.2875065e+000
  2.0000000e+000  3.3138257e+000  1.0498378e+000  2.2200931e+000  3.4144394e+000  3.8708271e+000
  2.0000000e+000  3.8525757e+000  3.3049024e+000  3.6627848e+000  1.9035459e+000  3.1984354e+000
  2.0000000e+000  3.5254598e+000  4.8192643e+000  5.1451478e+000  3.7434895e+000  4.1249396e+000
  1.0000000e+000  3.3714840e+000  2.3752576e+000  2.4238463e+000  3.6773817e+000  3.2156593e+000
  2.0000000e+000  5.0056230e+000  2.0455166e+000  3.3405917e+000  1.9741097e+000  3.0124574e+000
  2.0000000e+000  2.9580310e+000  2.4436434e+000  2.8075021e+000  1.6812414e+000  2.5782371e+000
  2.0000000e+000  1.8872476e+000  2.5321937e+000  5.0070616e+000  2.1097921e+000  2.6389417e+000
  2.0000000e+000  1.9133427e+000  1.3270446e+000  4.3233235e+000  3.3892080e+000  1.4132367e+000
  2.0000000e+000  3.7473328e+000  1.9426493e+000  1.0401019e+000  3.0451697e+000  1.1543412e+000
  2.0000000e+000  3.3504676e+000  1.8303513e+000  3.2235821e+000  5.1957605e+000  3.6198962e+000
  2.0000000e+000  2.6216333e+000  2.7394593e+000  3.7597634e+000  2.4736008e+000  2.9689127e+000
  1.0000000e+000  3.0603695e+000  2.4313719e+000  2.6458056e+000  2.9115670e+000  3.6976408e+000
  1.0000000e+000  3.4934500e+000  4.0948584e+000  2.4415959e+000  2.9533899e+000  3.3129884e+000
  2.0000000e+000  5.0850958e+000  2.9151780e+000  3.0697826e+000  2.2154476e+000  2.7785858e+000
  2.0000000e+000  4.0950014e+000  1.2370187e+000  3.8898097e+000  1.6284506e+000  4.5466997e+000
  1.0000000e+000  3.8203858e+000  2.3662585e+000  1.7428228e+000  2.1130511e+000  3.4244489e+000
  2.0000000e+000  1.7719967e+000  3.3299426e+000  5.9995318e+000  3.7492800e+000  1.3680973e+000
  2.0000000e+000  2.3156182e+000  1.6763843e+000  2.0181638e+000  2.9790291e+000  1.1749456e+000
  2.0000000e+000  1.4572808e+000  2.0889391e+000  1.7699841e+000  3.9354264e+000  1.9679219e+000
  2.0000000e+000  3.1872375e+000  3.4347942e+000  2.6191978e+000  2.9684681e+000  2.5509839e+000
  1.0000000e+000  2.0466449e+000  3.6309602e+000  3.2301393e+000  2.8736151e+000  3.5806718e+000
  2.0000000e+000  3.4382495e+000  2.2883048e+000  2.0173900e+000  3.4064214e+000  3.9609249e+000
  1.0000000e+000  3.5765041e+000  3.8662484e+000  2.2622082e+000  2.2172916e+000  3.1124804e+000
  1.0000000e+000  4.7826814e+000  1.8391617e+000  2.8109258e+000  2.6090485e+000  3.3433862e+000
  1.0000000e+000  3.7905428e+000  2.8917207e+000  3.4684570e+000  3.4298388e+000  3.3849111e+000
  1.0000000e+000  3.5977046e+000  2.5070913e+000  2.3099027e+000  3.1823296e+000  3.3173344e+000
  2.0000000e+000  2.6695428e+000  5.9273663e-001  8.9121590e-002  1.4063339e+000  4.9418748e+000
  2.0000000e+000  3.6858139e+000  3.2306323e+000  2.8385887e+000  2.5484930e+000  4.2596666e+000
  2.0000000e+000  2.9579101e+000  2.7062918e+000  2.2672481e+000  1.5054182e+000  3.5318415e+000
  1.0000000e+000  7.4982853e-002  2.7433475e+000  5.0173396e+000  3.6594939e+000  3.3317364e+000
  2.0000000e+000  3.8086960e+000  3.4184223e+000  3.6605799e+000  2.1515563e+000  2.2658400e+000
  1.0000000e+000  2.4654302e+000  2.0322434e+000  1.8460016e+000  2.9100252e+000  3.8859674e+000
  2.0000000e+000  4.8494230e+000  3.3244788e+000  1.8507960e+000  2.3927001e+000  2.0182575e+000
  2.0000000e+000  3.1066560e+000  5.0632331e+000  2.0420894e+000  3.6594128e+000  3.9989074e+000
  2.0000000e+000  3.3466296e+000  3.4604781e+000  2.5724584e+000  1.7372921e+000  4.7907946e+000
  1.0000000e+000  2.4077874e+000  2.0764698e+000  3.4310905e+000  2.5121981e+000  3.1606205e+000
  2.0000000e+000  1.8397397e+000  2.8158000e+000  2.0242104e+000  2.1531867e+000  2.2771099e+000
  2.0000000e+000  3.8958657e+000  4.0219129e+000  3.8264432e+000  3.2632889e+000  2.6722607e+000
  2.0000000e+000  2.4441470e+000  3.1487807e+000  3.1928083e+000  2.4596874e+000  4.2857048e+000
  2.0000000e+000  3.4947028e+000  2.6406400e+000  2.3222469e+000  5.2616840e+000  1.5428770e+000
  2.0000000e+000  1.7900961e+000  3.3054052e+000  1.7302922e+000  2.4692310e+000  1.0210067e+000
  2.0000000e+000  1.6526138e+000  2.5866899e+000  4.2236113e+000  4.1532007e+000  2.8947721e+000
  2.0000000e+000  4.9696503e+000  3.4513323e+000  1.7253333e+000  3.6082055e+000  2.8211394e+000
  2.0000000e+000  4.3702215e+000  1.8077389e+000  1.9345837e+000  2.9923813e+000  2.3888552e+000
  1.0000000e+000  4.1195678e+000  2.7463834e+000  3.1154495e+000  3.7968525e+000  3.1146397e+000
  2.0000000e+000  2.6957560e+000  3.5751408e+000  2.7509323e+000  2.9461014e+000  4.3766764e+000
  2.0000000e+000  2.6724664e+000  4.1197022e+000  2.5483685e+000  4.6294899e+000  2.8863999e+000
  2.0000000e+000  3.5283389e+000  2.0148198e+000  3.1029391e+000  3.1777503e+000  1.6582288e+000
  2.0000000e+000  3.3928835e+000  1.9723719e+000  2.4599896e+000  1.8620416e+000  1.7787214e+000
  2.0000000e+000  3.3631760e+000  3.9532351e+000  2.6112083e+000  3.7641182e+000  2.5186411e+000
  2.0000000e+000  2.2335476e+000  3.8080435e+000  3.1485501e+000  2.9587612e+000  2.8727058e+000
  2.0000000e+000  2.9526601e+000  2.3070573e+000  4.4120672e+000  2.4073001e+000  2.8999610e+000
  2.0000000e+000  2.7443910e+000  3.0041394e+000  2.6244162e+000  2.6136127e+000  3.9560751e+000
  2.0000000e+000  3.4518992e+000  3.0700262e+000  4.0227141e+000  4.8580914e+000  2.2903583e+000
  2.0000000e+000  2.4796417e+000  7.8922824e-001  2.4297280e+000  2.7724309e+000  2.1925997e+000
  2.0000000e+000  1.9973973e+000  2.2477323e+000  2.7079392e+000  3.2339383e+000  1.8154520e+000
  2.0000000e+000  1.9981404e+000  2.3172066e+000  1.5629344e+000  2.4345388e+000  2.0820597e+000
  2.0000000e+000  1.4862692e+000  3.5547887e+000  3.1908740e+000  1.1684729e+000  1.1074939e+000
  2.0000000e+000  2.5513375e+000  4.4329081e+000  3.6895146e+000  2.0910936e+000  2.6095462e+000
  1.0000000e+000  1.1068658e+000  4.5217089e+000  4.5365783e+000  3.5842632e+000  3.2515663e+000
  2.0000000e+000  2.2353871e+000  2.7482469e+000  1.1378702e+000  2.6260253e+000  2.6504818e+000
  2.0000000e+000  2.3528100e+000  3.0318254e+000  3.3072183e+000  3.4317666e+000  2.6401246e+000
  1.0000000e+000  2.7447473e+000  2.7706641e+000  2.6068025e+000  3.3638178e+000  3.2379466e+000
  2.0000000e+000  1.5736646e+000  1.8605857e+000  1.9335180e+000  4.2741315e+000  3.6200961e+000
  2.0000000e+000  2.9351770e+000  1.2069485e+000  1.3498572e+000  2.1173387e+000  2.0515490e+000
  2.0000000e+000  2.9603733e+000  2.6353420e+000  8.1869819e-001  2.9904989e+000  2.5398755e+000
  2.0000000e+000  2.7219291e+000  2.5902522e+000  4.7489748e+000  3.0201702e+000  1.4353765e+000
  2.0000000e+000  2.2945922e+000  3.8396856e+000  3.2826098e+000  3.3513617e+000  1.3655055e+000
  1.0000000e+000  2.0698960e+000  2.0883154e+000  3.8139803e+000  3.0080430e+000  3.5228708e+000
  1.0000000e+000  2.8487810e+000  4.3121448e+000  3.7858460e+000  2.6574093e+000  3.2117597e+000
  2.0000000e+000  4.7441845e+000  3.0071912e+000  2.3621864e+000  5.1906544e+000  1.1972164e+000
  1.0000000e+000  2.5374109e+000  3.1406065e+000  3.5159828e+000  3.1980938e+000  3.4692892e+000
  2.0000000e+000  3.2013886e+000  3.0484051e+000  2.3616290e+000  2.5271107e+000  2.4623513e+000
  2.0000000e+000  3.1886883e+000  1.6856984e+000  3.0083530e+000  1.8922875e+000  3.4401123e+000
  2.0000000e+000  2.1454677e+000  3.5227251e+000  5.0798280e+000  2.7535433e+000  1.0048524e+000
  2.0000000e+000  2.1908182e+000  4.1255709e+000  4.4145993e+000  3.1297005e+000  4.4529785e+000
  2.0000000e+000  3.4882683e+000  7.0270265e-001  2.9220185e+000  4.6678613e+000  2.8440667e+000
  2.0000000e+000  3.4198079e+000  3.9470094e+000  3.7990249e+000  1.1229030e-001  3.2681770e+000
  2.0000000e+000  3.4658078e+000  1.6890732e+000  4.1869923e+000  2.0510465e+000  2.8258340e+000
  2.0000000e+000  5.2854360e+000  2.3007080e+000  3.4860846e+000  2.6629556e+000  2.5630896e+000
  2.0000000e+000  1.0507807e+000  3.1221080e+000  1.2629991e+000  3.9414844e+000  2.3559832e+000
  2.0000000e+000  3.3847012e+000  3.8433448e+000  1.9502499e+000  2.5170025e+000  2.6192879e+000
  2.0000000e+000  4.6434829e+000  2.9060906e+000  3.2389750e+000  3.1324177e+000  2.3460408e+000
  2.0000000e+000  2.8658462e+000  2.8439380e+000  2.2756177e+000  3.8719692e+000  1.8589927e+000
  2.0000000e+000  5.1035051e+000  3.1768563e+000  2.1786040e+000  3.1963970e+000  2.5727925e+000
  2.0000000e+000  4.0228165e+000  3.9713474e+000  3.5893066e+000  2.1363728e+000  2.5491029e+000
  2.0000000e+000  3.2657340e+000  2.5622772e+000  3.0256958e+000  2.1698592e+000  4.3744452e+000
  1.0000000e+000  3.1813853e+000  3.1068404e+000  3.4759751e+000  2.8468718e+000  3.2325085e+000
  2.0000000e+000  3.7287301e+000  2.8075831e+000  1.9821439e+000  3.0057883e+000  2.5057454e+000
  2.0000000e+000  2.7617948e+000  2.2415673e+000  3.1869473e+000  1.4739454e+000  9.5752857e-001
  1.0000000e+000  2.3199639e+000  1.8004393e+000  2.7405001e+000  3.1746253e+000  3.0567818e+000
  2.0000000e+000  2.6512143e+000  1.5062042e+000  2.7104493e+000  3.2501088e+000  2.6125113e+000
  2.0000000e+000  3.4479079e+000  2.9944892e+000  3.8116667e+000  3.2595992e+000  2.8871200e+000
  2.0000000e+000  1.9655852e+000  3.2031496e+000  3.0260068e+000  3.8986166e+000  4.4178539e+000
  2.0000000e+000  3.6328234e+000  2.8239846e+000  2.0071342e+000  2.4264050e+000  1.9791739e+000
  1.0000000e+000  8.5175643e-001  2.9494933e+000  2.9031006e+000  2.5670172e+000  3.6129318e+000
  2.0000000e+000  3.3276668e+000  2.0785180e+000  4.7560589e+000  4.6844199e+000  2.4793335e+000
  2.0000000e+000  6.0056360e+000  3.2602913e+000  1.3696105e+000  1.7475902e+000  2.8943320e+000
  2.0000000e+000  3.7665633e+000  2.5157134e+000  1.2335681e+000  2.6655469e+000  2.1540711e+000
  2.0000000e+000  2.6131332e+000  3.5694191e+000  2.1982553e+000  4.2062126e+000  2.3771501e+000
  2.0000000e+000  3.7489374e+000  3.0561504e+000  3.4761564e+000  4.0848642e+000  3.2150610e+000
  1.0000000e+000  3.7118198e+000  1.8672340e+000  4.0275508e+000  2.5539549e+000  3.5626410e+000
  1.0000000e+000  3.3728066e+000  3.6488681e+000  3.3455716e+000  3.1234863e+000  3.9741364e+000
  2.0000000e+000  2.7696078e+000  2.4815695e+000  2.5057915e+000  2.2402322e+000  4.4651687e+000
  1.0000000e+000  4.1041658e+000  1.6700388e+000  1.8849953e+000  2.8393498e+000  3.4706281e+000
  2.0000000e+000  1.7051045e+000  2.6491846e+000  4.2533348e+000  4.2091797e+000  3.4256245e+000
  2.0000000e+000  3.4803688e+000  2.9814055e+000  3.7154299e+000  3.2565907e+000  4.2111713e+000
  2.0000000e+000  2.5381918e+000  3.4378666e+000  3.7777842e+000  1.5373150e+000  2.6316060e+000
  2.0000000e+000  1.9181190e+000  3.9733028e+000  4.2060330e+000  3.9582255e+000  5.5840291e+000
  2.0000000e+000  3.0333740e+000  3.8698555e+000  1.8015785e+000  2.1480526e+000  1.7509914e+000
  2.0000000e+000  4.7843705e+000  2.0730082e+000  5.0460820e+000  3.5247156e+000  2.2799785e+000
  2.0000000e+000  2.3786226e+000  3.8449771e+000  2.6881975e+000  3.8816689e+000  1.9354584e+000
  1.0000000e+000  2.5632211e+000  2.6267665e+000  3.8080511e+000  3.6354852e+000  3.5980904e+000
  1.0000000e+000  2.3606430e+000  2.9262318e+000  3.4448049e+000  2.3331000e+000  3.0250523e+000
  2.0000000e+000  4.3084294e+000  2.5400128e+000  2.0596434e+000  2.4034797e+000  9.1613318e-001
  1.0000000e+000  2.1180255e+000  3.8031868e+000  2.6933857e+000  3.8030450e+000  3.0018855e+000
  2.0000000e+000  5.8974862e+000  2.5502156e+000  2.0489635e+000  2.0565932e+000  2.2935923e+000
  1.0000000e+000  3.6702611e+000  4.6608499e+000  1.3758749e+000  2.9739861e+000  3.5774459e+000
  2.0000000e+000  5.8603156e-001  2.8320908e+000  3.0013217e+000  4.0069209e+000  3.7046527e+000
  2.0000000e+000  3.7486998e+000  5.1019460e+000  2.8932032e+000  3.3084188e+000  2.3980970e+000
  2.0000000e+000  3.6184604e+000  3.5281702e+000  1.9292536e+000  4.2045317e+000  2.1538138e+000
  2.0000000e+000  2.9419666e+000  3.4062913e+000  1.5504859e+000  2.4532929e+000  4.6067000e+000
  2.0000000e+000  2.9001846e+000  3.2881656e+000  4.5813563e+000  3.8750845e+000  4.0721897e+000
  2.0000000e+000  3.2020253e+000  3.0008194e+000  1.0592375e+000  2.0042733e+000  2.5594233e+000
  2.0000000e+000  3.5950959e+000  3.9297319e+000  4.1206266e+000  4.0996242e+000  3.7722319e+000
  2.0000000e+000  1.8075773e+000  1.3746850e+000  3.5567642e+000  4.3530982e+000  2.4918099e+000
  2.0000000e+000  4.8191653e+000  1.9317572e+000  3.8066599e+000  1.8138533e+000  1.4320359e+000
  2.0000000e+000  3.0879715e+000  2.5981546e+000  1.3739906e-001  2.6108119e+000  2.3322030e+000
  2.0000000e+000  2.4712268e+000  3.3597429e+000  2.8737949e+000  9.1469049e-001  2.2304390e+000
  2.0000000e+000  2.2096268e+000  2.4212719e+000  3.5458841e+000  2.2334490e+000  4.2763059e+000
  1.0000000e+000  3.9103167e+000  1.6298846e+000  2.4796183e+000  2.2750931e+000  3.6591821e+000
  1.0000000e+000  1.2799453e+000  2.0469986e+000  4.9133674e+000  2.0860160e+000  3.0584176e+000
  2.0000000e+000  3.5770857e+000  2.5346570e+000  2.1814874e+000  3.6439152e+000  1.9623175e+000
  2.0000000e+000  2.9865856e+000  2.9662427e+000  1.4976164e+000  2.9072639e+000  1.4747966e+000
  2.0000000e+000  3.8426297e+000  2.8243826e+000  4.5193602e+000  2.5682047e+000  2.8165527e+000
  2.0000000e+000  3.3220237e+000  3.3021180e+000  5.4377614e+000  1.7840411e+000  2.4739472e+000
  2.0000000e+000  2.6717606e+000  4.2958670e+000  2.4827528e+000  3.5351073e+000  4.7127989e+000
  2.0000000e+000  4.0411307e+000  3.4574623e+000  2.3036568e+000  3.8009328e+000  4.2392185e+000
  2.0000000e+000  3.0756503e+000  2.5672214e+000  2.8733237e+000  3.0794095e+000  4.0647803e+000
  2.0000000e+000  2.8950892e+000  2.5444028e+000  2.1050104e+000  2.6543182e+000  4.0649561e+000
  2.0000000e+000  2.2441629e+000  3.4235377e+000  2.0540369e+000  4.6138050e+000  2.8208604e+000
  2.0000000e+000  2.3201312e+000  3.2752063e+000  1.6330023e+000  4.6345174e+000  2.6194044e+000
  2.0000000e+000  4.7080306e+000  3.9097290e+000  3.1718321e+000  3.2883453e+000  2.0022337e+000
  2.0000000e+000  1.4456378e+000  2.9997680e+000  3.5972067e+000  1.5218088e+000  5.3901677e-001
  2.0000000e+000  2.2760137e+000  3.4818933e+000  3.5611099e+000  4.1436947e+000  2.3559139e+000
  2.0000000e+000  3.6367093e+000  1.6885788e+000  2.1791711e+000  2.5190579e+000  2.5283457e+000
  2.0000000e+000  4.7358988e+000  1.8578929e+000  2.9227246e+000  1.4951393e+000  4.3614628e+000
  2.0000000e+000  1.8000520e+000  2.5989910e+000  1.9176108e+000  2.0426136e+000  1.6607011e+000
  2.0000000e+000  4.0119336e+000  2.0953059e+000  2.1552027e+000  3.8736980e+000  4.0718686e+000
  2.0000000e+000  3.2600208e+000  2.2598636e+000  3.7495352e+000  3.4727537e+000  2.9313545e+000
  2.0000000e+000  4.0995993e+000  4.3969079e+000  3.6736307e+000  2.9614695e+000  2.3387927e+000
  2.0000000e+000  3.5007041e+000  2.7009980e+000  4.7330953e+000  3.0741802e+000  1.9426770e+000
  1.0000000e+000  2.2313875e+000  2.9495869e+000  3.7461687e+000  2.2868091e+000  3.3700639e+000
  2.0000000e+000  4.0497316e+000  4.0788495e+000  2.7619908e+000  3.7235404e+000  1.7064316e+000
  2.0000000e+000  2.8060698e+000  3.8229992e+000  2.7102838e+000  2.6100628e+000  4.9670649e+000
  2.0000000e+000  4.3319145e+000  2.9101766e+000  2.0308513e+000  2.9264822e+000  2.5899215e+000
  1.0000000e+000  3.7761696e+000  1.8137074e+000  1.2925230e+000  3.5633122e+000  3.0729044e+000
  2.0000000e+000  1.9720473e+000  3.8285484e+000  3.4650127e+000  1.8015215e+000  2.1639015e+000
  2.0000000e+000  3.9117102e+000  3.4593792e+000  2.9376075e+000  4.0209484e+000  2.2157987e+000
  1.0000000e+000  2.8829092e+000  3.9877266e+000  3.6270930e+000  2.5477783e+000  3.4885455e+000
  2.0000000e+000  2.1290464e+000  2.6764037e+000  1.7560498e+000  4.6651502e+000  1.9344620e+000
  2.0000000e+000  3.6575425e+000  1.1942894e+000  3.1535925e+000  3.2518353e+000  5.3534930e+000
  2.0000000e+000  2.4292367e+000  3.0431793e+000  3.3152202e+000  1.7655483e+000  2.1375088e+000
  2.0000000e+000  4.8958920e+000  3.7712469e+000  2.7445803e+000  2.9190989e+000  2.7626652e+000
  1.0000000e+000  2.9330606e+000  2.2616318e+000  3.9499378e+000  3.6164130e+000  3.2856141e+000
  1.0000000e+000  2.7071305e+000  4.0030785e+000  5.4249666e+000  3.3741525e+000  3.2552477e+000
  2.0000000e+000  2.4369448e+000  2.6263479e+000  3.1120243e+000  2.8254182e-001  2.1158161e+000
  2.0000000e+000  2.8130710e+000  2.9360239e+000  3.4929371e+000  2.6355214e+000  2.5970426e+000
  2.0000000e+000  2.0580854e+000  3.4456739e+000  3.8618872e+000  2.1319241e+000  4.8123548e+000
  2.0000000e+000  2.8762319e+000  3.3282325e+000  4.2775652e+000  2.5311928e+000  1.7964847e+000
  2.0000000e+000  2.2622010e+000  1.0609565e+000  2.8695113e+000  1.5496389e+000  1.0643420e+000
  2.0000000e+000  3.7554196e+000  2.7693930e+000  2.1877248e+000  2.9182952e+000  1.7771396e+000
  2.0000000e+000  2.0156686e+000  4.8934650e+000  2.6139067e+000  3.4911017e+000  3.8364052e+000
  2.0000000e+000  2.8612547e+000  2.8256952e+000  1.6655519e+000  2.2046934e+000  5.0847171e+000
  2.0000000e+000  3.4566501e+000  8.9947226e-001  3.8868038e+000  2.5898866e+000  2.4248009e+000
  2.0000000e+000  1.5249971e+000  1.7942688e+000  3.4498631e+000  4.8023363e+000  5.1310834e+000
  2.0000000e+000  1.5306516e+000  4.9252602e+000  4.8814499e+000  1.2450111e+000  2.6993921e+000
  2.0000000e+000  4.2503578e+000  3.5606167e+000  2.7017277e+000  2.6760755e+000  4.0245218e+000
  2.0000000e+000  2.4938263e+000  3.1662257e+000  3.3875585e+000  2.5483508e+000  4.0955292e+000
  1.0000000e+000  2.8240958e+000  2.3290799e+000  3.4994201e+000  3.3046476e+000  3.0106824e+000
  1.0000000e+000  3.3714106e+000  3.3796860e+000  2.6524636e+000  2.5100977e+000  3.0834821e+000
  2.0000000e+000  3.2688347e+000  1.9145658e+000  4.2827888e+000  2.7485480e+000  2.6741031e+000
  2.0000000e+000  3.4852299e+000  3.5552783e+000  3.6287909e+000  5.0598935e+000  1.9480646e+000
  2.0000000e+000  3.2791524e+000  1.3943331e+000  3.3829491e+000  2.8795320e+000  5.1679931e+000
  2.0000000e+000  3.8539981e+000  3.3661147e+000  3.7160425e+000  4.3689557e+000  1.9201127e+000
  2.0000000e+000  2.7496255e+000  1.8966273e+000  2.5561826e+000  2.8115226e+000  2.9225029e+000
  2.0000000e+000  3.5487818e+000  6.4522924e-001  2.9275000e+000  1.9172992e+000  4.6812780e+000
  2.0000000e+000  2.6917205e+000  3.6049581e+000  2.8975226e+000  1.5154483e+000  3.0234607e+000
  2.0000000e+000  4.0676455e+000  1.5169468e+000  4.1546768e+000  3.1555655e+000  1.9323571e+000
  1.0000000e+000  3.8293727e+000  3.9683250e+000  3.0942731e+000  2.0652096e+000  3.2156065e+000
  2.0000000e+000  2.6293939e+000  1.9567690e+000  2.8283938e+000  2.4863439e+000  2.7862409e+000
  1.0000000e+000  4.2288217e+000  3.7071222e+000  3.2933906e+000  2.3076330e+000  3.4143134e+000
  2.0000000e+000  1.2404894e+000  2.2316276e+000  3.4923124e+000  2.7103500e+000  2.4833063e+000
  2.0000000e+000  1.5530028e+000  4.0704027e+000  2.6825877e+000  1.3968050e+000  3.2919017e+000
  1.0000000e+000  2.6049354e+000  2.6035628e+000  3.4602652e+000  3.0998160e+000  3.0508326e+000
  2.0000000e+000  3.1574140e+000  5.1074522e+000  3.9978318e+000  2.5214189e+000  2.7040037e+000
  2.0000000e+000  2.8219682e+000  3.6541932e+000  2.9589295e+000  2.8812245e+000  1.7539197e+000
  2.0000000e+000  5.5975617e+000  2.8929967e+000  3.2135025e+000  1.8933847e+000  1.9700716e+000
  2.0000000e+000  3.9302234e+000  4.8250931e+000  2.7601545e+000  4.0741892e+000  6.5518647e-001
  2.0000000e+000  5.1337484e+000  3.2906323e+000  2.2832163e+000  2.3654300e+000  4.1840735e+000
  1.0000000e+000  3.8825765e+000  3.3900512e+000  3.1336358e+000  3.6879846e+000  3.3440579e+000
  2.0000000e+000  1.1060694e+000  1.8431986e+000  2.4162769e+000  2.5269530e+000  4.1764861e+000
  2.0000000e+000  5.2862678e+000  3.6683060e+000  1.9564631e+000  2.2615922e+000  2.9706019e+000
  2.0000000e+000  4.3112618e+000  3.1234728e+000  2.9305184e+000  2.9300583e+000  2.6377137e-001
  2.0000000e+000  5.2730282e+000  1.1273015e+000  3.7255048e+000  4.7450985e+000  2.8932128e+000
  1.0000000e+000  2.7682658e+000  2.3254261e+000  2.0750646e+000  2.5266183e+000  3.2775145e+000
  2.0000000e+000  3.8259234e+000  3.3669047e+000  2.2065924e+000  4.4638104e+000  3.0480084e+000
  2.0000000e+000  2.1507603e+000  3.0032634e+000  2.9094982e+000  2.9379960e+000  5.3253331e+000
  2.0000000e+000  4.6594717e+000  2.8589243e+000  3.4550398e+000  3.1315029e+000  1.9187994e+000
  2.0000000e+000  2.8257836e+000  2.0468820e+000  1.4145910e+000  2.4981672e+000  2.8765833e+000
  2.0000000e+000  1.2850135e+000  3.0637109e+000  1.0029777e+000  2.2101815e+000  3.6657569e+000
  2.0000000e+000  3.1556257e+000  4.2478209e+000  3.6231281e+000  2.6349470e+000  1.4830328e+000
  2.0000000e+000  1.5475578e+000  4.6404776e+000  2.9333890e+000  3.4849464e+000  4.2552246e+000
  2.0000000e+000  3.6058442e+000  3.2900887e+000  2.7931915e+000  1.7959828e+000  4.0744709e+000
  2.0000000e+000  3.4768643e+000  2.2923616e+000  3.6353724e+000  2.2448288e+000  4.1573256e+000
  2.0000000e+000  1.8112231e+000  3.6209712e+000  3.2239484e+000  2.9934782e+000  2.9276132e+000
  2.0000000e+000  2.7494018e+000  2.3119091e+000  2.0454554e+000  4.3039912e+000  1.8602285e+000
  1.0000000e+000  3.8239237e+000  3.0974771e+000  2.3974085e+000  2.4665222e+000  3.6025162e+000
  2.0000000e+000  3.7817926e+000  3.8010633e+000  2.9556984e+000  4.1734442e+000  1.2579914e+000
  2.0000000e+000  2.3943973e+000  3.8251750e+000  3.0615719e+000  9.9391855e-001  2.7125128e+000
  2.0000000e+000  3.6285043e+000  3.4662881e+000  3.3445934e+000  3.9613111e+000  3.6212737e+000
  2.0000000e+000  1.6705492e+000  2.8239151e+000  4.3810096e+000  1.0702144e+000  2.9042421e+000
  2.0000000e+000  2.7776241e+000  2.7601516e+000  3.3269952e+000  2.5556039e+000  4.8234207e+000
  1.0000000e+000  3.6742982e+000  1.4097855e+000  2.6224353e+000  2.5329559e+000  3.1693796e+000
  1.0000000e+000  3.3368006e+000  3.4307277e+000  4.3088801e+000  2.6461547e+000  3.0113497e+000
  2.0000000e+000  1.5077566e+000  4.1146607e+000  3.9537442e+000  4.1201026e+000  3.5237899e+000
  1.0000000e+000  2.4659750e+000  3.1473358e+000  8.2239279e-001  3.6332413e+000  3.4240054e+000
  2.0000000e+000  1.2884831e+000  4.0092349e+000  3.3095975e+000  3.9719520e+000  1.5031147e+000
  2.0000000e+000  3.6364448e+000  3.8936562e+000  2.3073045e+000  2.2020910e+000  1.5743229e+000
  1.0000000e+000  2.6639977e+000  2.5360713e+000  1.9373837e+000  3.6340761e+000  3.7137095e+000
  2.0000000e+000  2.8944385e+000  4.0006668e+000  1.9315026e+000  1.2702025e+000  5.0249648e+000
  2.0000000e+000  3.5343278e+000  3.2418012e+000  3.0091641e+000  4.7322358e+000  4.2827544e+000
  2.0000000e+000  1.8400330e+000  3.4119497e+000  1.9864827e+000  3.2860735e+000  2.0352114e+000
  2.0000000e+000  1.2275560e+000  3.6512348e+000  3.8268726e+000  4.5066247e+000  2.2993862e+000
  1.0000000e+000  3.8432407e+000  3.3776624e+000  3.2096451e+000  3.0554619e+000  3.9336508e+000
  2.0000000e+000  2.3147095e+000  2.4576598e+000  2.8230135e+000  1.9464121e+000  4.3436281e+000
  2.0000000e+000  4.9710565e+000  4.5375366e+000  3.1685927e+000  2.3799696e+000  2.0963680e+000
  2.0000000e+000  4.0493705e+000  4.4618127e+000  4.1734225e+000  2.0808756e+000  1.9318688e+000
  1.0000000e+000  4.9238486e+000  3.2308013e+000  3.2168327e+000  2.9545345e+000  3.5170823e+000
  2.0000000e+000  2.0046231e+000  2.0964682e+000  2.8344803e+000  3.2143120e+000  9.3764366e-001
  2.0000000e+000  3.8816607e+000  4.1835050e+000  1.4301038e+000  1.5916438e+000  4.1461757e+000
  2.0000000e+000  4.1496493e+000  3.7369554e+000  2.2287987e+000  4.0175111e+000  3.9371783e+000
  2.0000000e+000  4.9102319e+000  2.2860915e+000  2.6596511e+000  3.9567589e+000  2.7632718e+000
  2.0000000e+000  3.3680114e+000  5.8806453e+000  3.0336387e+000  6.7828292e+000  3.8181071e+000
  2.0000000e+000  2.7298359e+000  1.2348867e+000  4.8462675e+000  3.2292372e+000  4.0846278e+000
  2.0000000e+000  4.7213268e+000  4.3075569e+000  3.4750248e+000  3.3383601e+000  2.0861084e+000
  2.0000000e+000  3.4660117e+000  3.4111441e+000  2.0925152e+000  2.6422372e+000  4.6384830e+000
  2.0000000e+000  2.3330987e+000  3.3481714e+000  4.0596271e+000  4.7210579e+000  4.4239439e+000
  2.0000000e+000  4.1436824e+000  3.0773303e+000  3.4994786e+000  4.0710391e+000  4.2822580e+000
  2.0000000e+000  2.8121392e+000  3.0130159e+000  2.6352654e+000  2.3145220e+000  1.9826236e+000
  2.0000000e+000  1.1900883e+000  3.5639299e+000  3.2402941e+000  2.1308173e+000  3.9880112e+000
  2.0000000e+000  1.7286784e+000  3.8641483e+000  1.8223990e+000  3.9296545e+000  2.6484889e+000
  2.0000000e+000  3.0113687e+000  4.7484763e+000  1.9670507e+000  8.6539024e-001  4.7659346e+000
  2.0000000e+000  5.1382763e+000  3.2913230e+000  1.6680476e+000  4.6056429e+000  2.6812503e+000
  1.0000000e+000  3.7023055e+000  2.9675609e+000  3.5924396e+000  3.5802860e+000  3.3779338e+000
  2.0000000e+000  3.7355867e+000  1.9307683e+000  3.1868167e+000  1.5964871e+000  2.3290142e+000
  1.0000000e+000  3.0519323e+000  3.3004766e+000  2.2384201e+000  3.8045025e+000  3.5519642e+000
  1.0000000e+000  3.4413452e+000  3.5142994e+000  2.2662065e+000  3.7473702e+000  3.3153528e+000
  2.0000000e+000  2.1495135e+000  3.1895520e+000  1.3257539e+000  4.8956442e+000  4.0236201e+000
  2.0000000e+000  3.3733310e+000  3.5814391e+000  3.1513345e+000  3.8886169e+000  3.6829472e+000
  2.0000000e+000  4.6926791e+000  2.3727022e+000  3.2606615e+000  3.2756617e+000  1.9921979e+000
  2.0000000e+000  4.2421162e+000  5.1833124e+000  1.6467809e+000  3.4108561e+000  1.9499296e+000
  2.0000000e+000  3.5795599e+000  3.1567359e+000  2.8508651e+000  4.8857827e+000  3.7581550e+000
  2.0000000e+000  1.6263733e+000  2.2367258e+000  2.9552187e+000  3.3193169e+000  4.8474590e+000
  1.0000000e+000  3.4797289e+000  3.0201196e+000  3.9390655e+000  3.3390284e+000  3.3472518e+000
  1.0000000e+000  4.0213064e+000  3.2355360e+000  3.1824994e+000  2.6945374e+000  3.8088434e+000
  1.0000000e+000  3.3332366e+000  2.9408115e+000  2.0604157e+000  2.3762714e+000  3.5033544e+000
  2.0000000e+000  3.5938520e+000  2.8254841e+000  5.0515135e+000  2.3855558e+000  2.9674135e+000
  2.0000000e+000  3.5091633e+000  2.1062120e+000  2.9733373e+000  3.6684668e+000  1.7155111e+000
  2.0000000e+000  2.9395226e+000  2.5989058e+000  3.8747407e+000  3.8055793e+000  4.4352772e+000
  2.0000000e+000  3.3632084e+000  2.4800145e+000  4.7735488e+000  1.8236838e+000  3.4593356e+000
  1.0000000e+000  2.9083825e+000  2.8957523e+000  2.4321642e+000  2.2318108e+000  3.1884964e+000
  2.0000000e+000  3.5101585e+000  3.5222079e+000  4.3527973e+000  1.7223702e+000  2.5045243e+000
  2.0000000e+000  1.7747097e+000  3.1810190e+000  2.0708337e+000  3.2098953e+000  4.6324330e+000
  2.0000000e+000  4.0521069e+000  1.9007422e+000  2.6444855e+000  6.6694111e-001  1.9571416e+000
  2.0000000e+000  3.1028389e+000  2.8692947e+000  2.4974946e+000  3.2802829e-001  3.4142869e+000
  1.0000000e+000  1.2769943e+000  3.0971064e+000  2.6975707e+000  3.0779259e+000  3.2431644e+000
  1.0000000e+000  2.9159255e+000  2.4552623e+000  2.3974034e+000  3.2080537e+000  3.1657857e+000
  1.0000000e+000  3.5867072e+000  1.7234856e+000  1.8220100e+000  2.2222397e+000  3.5337460e+000
  2.0000000e+000  3.0763342e+000  3.5048667e+000  3.1324782e+000  4.4173835e+000  2.1317654e+000
  1.0000000e+000  4.6447145e+000  3.7006037e+000  3.9444991e+000  3.1707495e+000  3.1546715e+000
  1.0000000e+000  1.9133199e+000  4.5712832e+000  3.8635299e+000  2.0236714e+000  3.0266949e+000
  2.0000000e+000  3.1639803e+000  2.8124677e+000  2.3801417e+000  2.6192672e+000  1.6233087e+000
  2.0000000e+000  3.1239711e+000  3.9594935e+000  2.2459441e+000  1.3775455e+000  2.8036937e+000
  2.0000000e+000  2.4221860e+000  2.5126972e+000  3.7712490e+000  3.3934201e+000  2.1922506e+000
  1.0000000e+000  2.4160568e+000  2.5041130e+000  3.3638303e+000  3.5647266e+000  3.0206616e+000
  2.0000000e+000  2.6426284e+000  5.1092154e+000  2.6067614e+000  3.8734717e+000  3.6239771e+000
  2.0000000e+000  2.4905571e+000  2.2089866e+000  2.2891266e+000  1.6100524e+000  2.2179843e+000
  1.0000000e+000  4.0991969e+000  4.2977400e+000  9.9256376e-001  3.4882316e+000  3.6208825e+000
  2.0000000e+000  3.2390743e+000  2.9144315e+000  2.3808200e+000  2.0094124e+000  1.3044969e+000
  1.0000000e+000  1.9072899e+000  3.1897551e+000  3.1646847e+000  3.0350789e+000  3.1082217e+000
  2.0000000e+000  2.1063429e+000  2.2625536e+000  6.6310864e+000  2.3220779e+000  1.7790147e+000
  2.0000000e+000  2.3583894e+000  1.8163918e+000  3.9281150e+000  3.9652187e+000  4.4492483e+000
  2.0000000e+000  2.8235089e+000  3.7988230e+000  2.0478389e+000  4.1504015e+000  2.0197430e+000
  2.0000000e+000  3.4615720e+000  3.9242244e+000  3.1987633e+000  2.2527601e+000  2.4162070e+000
  2.0000000e+000  3.7685029e+000  3.2950534e+000  3.6403728e+000  1.2753855e+000  4.6416396e+000
  2.0000000e+000  2.8501738e+000  4.6008173e+000  1.8593653e+000  2.2089113e+000  2.3880294e+000
  2.0000000e+000  3.1174327e+000  2.8828760e+000  3.3642819e+000  9.6321276e-001  2.6566207e+000
  2.0000000e+000  2.1498292e+000  2.3848945e-001  2.7383272e+000  3.0422655e+000  2.0806105e+000
  2.0000000e+000  4.7406222e+000  3.6162080e+000  4.4321191e+000  4.2741715e+000  4.9968472e+000
  2.0000000e+000  3.2998150e+000  4.0855541e+000  3.6781315e+000  3.3814892e+000  1.8520011e+000
  2.0000000e+000  3.3160007e+000  3.9496956e+000  2.7871981e+000  1.5496022e+000  3.1249485e+000
  1.0000000e+000  1.5984688e+000  3.3095830e+000  4.1584417e+000  3.6077098e+000  3.7100939e+000
  2.0000000e+000  1.6056105e+000  3.8760046e+000  2.4380564e+000  2.9673342e+000  2.3442644e+000
  2.0000000e+000  2.7260485e+000  2.4532845e+000  3.9458903e+000  4.0537422e+000  2.6942147e+000
  1.0000000e+000  1.6008280e+000  2.7041777e+000  3.3854855e+000  3.6966849e+000  3.5035516e+000
  2.0000000e+000  1.9391483e+000  1.7771315e+000  2.7163284e+000  1.3992316e+000  4.5127913e+000
  2.0000000e+000  2.8362895e+000  2.4370331e+000  3.3646052e+000  2.4121457e+000  2.9001661e+000
  1.0000000e+000  2.7449040e+000  3.5635258e+000  2.5824207e+000  2.7949072e+000  3.5058788e+000
  2.0000000e+000  2.0413887e+000  4.6337841e+000  2.1751764e+000  3.3002443e+000  4.1081036e+000
  2.0000000e+000  2.6635577e+000  5.1137215e+000  2.1189967e+000  2.4846666e+000  4.5284355e+000
  2.0000000e+000  1.9420260e+000  2.5355964e+000  4.1118930e+000  3.9672305e+000  4.4303668e+000
  2.0000000e+000  3.5265919e+000  2.8895971e+000  3.6521778e+000  3.1376045e+000  1.9356669e+000
  2.0000000e+000  1.9398417e+000  2.5172881e+000  3.5687605e+000  2.8610895e+000  4.8032455e+000
  2.0000000e+000  2.3933386e+000  2.5310152e+000  1.4788282e+000  2.6409276e+000  6.3034241e-001
  2.0000000e+000  2.9875705e+000  2.3521730e+000  4.0034796e+000  2.0449920e+000  3.3035706e+000
  2.0000000e+000  2.6166806e+000  3.1269137e+000  2.5959099e+000  3.6691247e+000  2.5076773e+000
  2.0000000e+000  2.8925011e+000  3.7418222e+000  4.1828329e+000  1.9698622e+000  3.7991898e+000
  2.0000000e+000  2.2145365e+000  1.7962117e+000  4.6572319e+000  4.0703892e+000  4.3140168e+000
  1.0000000e+000  3.3574327e+000  4.4957512e+000  3.3527460e+000  2.8825288e+000  3.0434789e+000
  2.0000000e+000  1.6928890e+000  2.7170080e+000  2.6140770e+000  2.3990164e+000  2.9982953e+000
  2.0000000e+000  2.1362596e+000  3.6511443e+000  1.7813537e+000  2.7868384e+000  1.1259324e+000
  2.0000000e+000  3.5866110e+000  3.8741470e+000  3.7099516e+000  3.5410306e+000  3.9256228e+000
  2.0000000e+000  3.6707322e+000  2.0821551e+000  4.2205655e-001  4.5402316e+000  5.8200951e+000
  2.0000000e+000  2.8400146e+000  3.3363009e+000  3.7323396e+000  1.9306192e+000  4.2017517e+000
  1.0000000e+000  1.8256051e+000  1.8080700e+000  1.4772739e+000  3.9744361e+000  3.1773283e+000
  2.0000000e+000  1.3119490e-001  3.6609053e+000  1.2029278e+000  3.7736518e+000  5.5438139e-001
  2.0000000e+000  2.3425341e+000  3.4102492e+000  3.2066090e+000  2.3803474e+000  1.1860984e+000
  2.0000000e+000  2.2610835e+000  2.0216492e+000  5.3641147e+000  3.0330425e+000  2.0874717e+000
  2.0000000e+000  4.5618479e+000  4.3021763e+000  2.8041857e+000  3.3404570e+000  1.3951687e+000
  2.0000000e+000  3.9325912e-001  5.5739691e+000  2.9379130e+000  2.0908880e+000  3.9614292e+000
  2.0000000e+000  3.9271185e+000  2.4356499e+000  2.2818557e+000  8.7820169e-001  3.0492528e+000
  2.0000000e+000  3.3873626e+000  3.9340218e+000  2.7901233e+000  4.2882699e+000  2.2814411e+000
  2.0000000e+000  3.3710314e+000  2.0302217e+000  4.4881129e+000  3.2103258e+000  1.9939677e+000
  2.0000000e+000  2.8777523e+000  3.1847588e+000  2.9524186e+000  2.4907974e+000  4.4485223e+000
  2.0000000e+000  4.3560143e+000  1.9215428e+000  4.5835538e+000  4.4435867e+000  2.0503090e+000
  2.0000000e+000  3.2957921e+000  2.9736637e+000  2.2871185e+000  3.5554226e+000  2.7279109e+000
  2.0000000e+000  3.9907139e+000  5.3565779e+000  4.7646575e+000  2.1971370e+000  5.5742895e+000
  2.0000000e+000  2.6796055e+000  4.2597232e+000  2.8896748e+000  5.0779334e+000  1.6010650e+000
  2.0000000e+000  1.4090949e+000  1.7341213e+000  4.3766016e+000  3.6213295e+000  2.7405610e+000
  2.0000000e+000  4.2434017e+000  2.9329416e+000  3.1039461e+000  3.1998471e+000  2.6655331e+000
  2.0000000e+000  2.8327347e+000  3.9456136e+000  3.6008528e+000  3.9892082e+000  4.4895949e+000
  2.0000000e+000  4.4391341e+000  3.3517270e+000  1.7272715e+000  1.8962928e+000  3.6599699e+000
  2.0000000e+000  2.8325981e+000  4.2433244e+000  4.5693427e+000  4.5257720e+000  2.6240743e+000
  2.0000000e+000  2.2567825e+000  1.7864019e+000  4.3633822e+000  2.7150045e+000  1.9490520e+000
  2.0000000e+000  4.2630572e+000  1.6453280e+000  3.3778771e+000  4.1068967e+000  3.2134187e+000
  1.0000000e+000  1.5628027e+000  3.2459006e+000  1.1651003e+000  2.9545870e+000  3.2357113e+000
  2.0000000e+000  2.4677715e+000  2.9912819e+000  2.9126857e+000  3.6915560e-001  2.5273837e+000
  2.0000000e+000  3.3545851e+000  4.0338506e+000  2.0243099e+000  3.2276655e+000  2.3196234e+000
  2.0000000e+000  4.0190696e+000  1.6751059e+000  2.9430852e+000  2.9799881e+000  2.8331194e+000
  2.0000000e+000  2.6849450e+000  2.2145758e+000  3.3237441e+000  2.9278803e+000  1.3177052e+000
  1.0000000e+000  3.1341053e+000  3.3047187e+000  2.2677459e+000  3.6005067e+000  3.6871280e+000
  2.0000000e+000  1.1823628e+000  2.8905173e+000  2.1616907e+000  4.8017360e+000  2.5918000e+000
  2.0000000e+000  3.4541120e+000  3.7804656e+000  3.7250164e+000  2.9063860e+000  4.3896760e+000
  2.0000000e+000  1.2929163e+000  2.6401896e+000  3.0991299e+000  1.7552669e+000  3.8133939e+000
  2.0000000e+000  4.1155742e+000  3.9954244e+000  3.4256026e+000  2.8713859e+000  2.8612943e+000
  2.0000000e+000  3.1535315e+000  3.1927306e+000  4.8673994e+000  2.1054355e+000  3.5536059e+000
  2.0000000e+000  4.1964375e+000  3.6507977e+000  3.4208266e+000  2.6217811e+000  2.5751211e+000
  2.0000000e+000  3.0607638e+000  3.8067514e+000  3.3073200e+000  3.4627630e+000  3.9754978e+000
  2.0000000e+000  2.6846740e+000  3.1651332e+000  2.6406454e+000  1.5398924e+000  2.6183162e+000
  1.0000000e+000  4.5993712e+000  2.4553139e+000  3.5513047e+000  2.6117171e+000  3.4020855e+000
  2.0000000e+000  4.1078355e+000  2.2049148e+000  1.9835579e+000  3.3801492e+000  2.6779409e+000
  2.0000000e+000  3.8398843e+000  4.8366224e+000  3.2160448e+000  3.4033157e+000  3.8707546e+000
  2.0000000e+000  3.3167184e+000  2.9562211e+000  1.7087131e+000  3.6635446e+000  1.6105407e+000
  1.0000000e+000  4.0220487e+000  2.9172045e+000  2.3621426e+000  2.8644020e+000  3.4638209e+000
  2.0000000e+000  3.1121784e+000  3.7497740e+000  4.9253915e+000  3.0502100e+000  2.4578594e+000
  2.0000000e+000  1.9277696e+000  3.5156299e+000  2.6304112e+000  3.0151542e+000  2.4407963e+000
  2.0000000e+000  2.2774578e+000  2.1683634e+000  4.4054907e+000  2.0811569e+000  1.9422156e+000
  2.0000000e+000  2.5439108e+000  4.4775014e+000  3.3640142e+000  1.6804833e+000  4.7645306e+000
  2.0000000e+000  2.4011815e+000  3.5496262e+000  2.6216140e+000  2.2861173e+000  4.6792762e+000
  1.0000000e+000  3.6872162e+000  3.6025571e+000  3.3090749e+000  3.1238120e+000  3.7603372e+000
  1.0000000e+000  3.1733024e+000  2.2758567e+000  1.4120469e+000  3.5485313e+000  3.5918468e+000
  2.0000000e+000  1.9500552e+000  3.7732528e+000  1.8214786e+000  1.1486790e+000  2.3421029e+000
  2.0000000e+000  1.6653425e+000  5.2850678e+000  1.7620567e+000  2.1790302e+000  4.4578393e+000
  2.0000000e+000  3.0674071e+000  3.2469717e+000  3.5719530e+000  1.1910692e+000  3.3266634e+000
  2.0000000e+000  2.4384400e+000  3.7611060e+000  3.2873813e+000  5.3869277e+000  3.2429955e+000
  2.0000000e+000  3.5663023e+000  2.5968760e+000  3.5150058e+000  4.6068267e+000  2.8850486e+000
  2.0000000e+000  4.9530255e+000  2.0510954e+000  3.2904492e+000  2.2028529e+000  2.9884163e+000
  2.0000000e+000  3.3180064e+000  3.0579165e+000  3.1418218e+000  4.2198484e+000  3.1756114e+000
  2.0000000e+000  3.0625447e+000  2.2962760e+000  4.4354023e+000  5.3043178e+000  2.9154190e+000
  2.0000000e+000  2.3217545e+000  1.3752856e+000  2.1455170e+000  3.5724787e+000  4.8733286e+000
  2.0000000e+000  1.4330781e+000  3.1888767e+000  3.8564211e+000  7.1197312e-001  2.4686507e+000
  2.0000000e+000  3.1344256e+000  2.8561324e+000  1.6114950e+000  1.7977716e+000  4.0917763e+000
  2.0000000e+000  2.2770534e+000  3.6077222e+000  2.3783629e+000  3.3288774e+000  4.4860039e+000
  2.0000000e+000  3.1478647e+000  4.1248985e+000  1.9281330e+000  3.8907056e+000  2.2943309e+000
  2.0000000e+000  2.4867713e+000  3.8370286e+000  4.5904310e+000  3.4205002e+000  2.7237661e+000
  1.0000000e+000  1.7632559e+000  2.8848774e+000  2.2989692e+000  3.3148937e+000  3.6300498e+000
  2.0000000e+000  5.4140732e+000  3.6024044e+000  1.7156989e+000  2.3784919e+000  2.8085238e+000
  2.0000000e+000  3.1927825e+000  4.2833958e+000  2.2230494e+000  1.3998419e+000  2.0683630e+000
  2.0000000e+000  4.1018401e+000  2.3060588e-001  3.5729564e+000  1.6723452e+000  2.2112984e+000
  2.0000000e+000  1.5685429e+000  3.2563330e+000  1.8380919e+000  4.3075300e+000  1.4954527e+000
  2.0000000e+000  1.5843868e+000  2.3260095e+000  1.1071033e+000  3.4996550e+000  2.4849872e+000
  2.0000000e+000  2.2951029e+000  3.7485751e+000  5.0213530e+000  3.9861250e+000  7.2294353e-001
  2.0000000e+000  3.8322204e+000  2.5439305e+000  4.7958233e+000  1.4197676e+000  7.5295662e-001
  1.0000000e+000  4.1341390e+000  2.1699964e+000  3.9523114e+000  2.9211053e+000  3.3747905e+000
  2.0000000e+000  1.8907049e+000  2.6459833e+000  2.1015404e+000  3.2110008e+000  4.1867912e+000
  2.0000000e+000  3.4142378e+000  2.6211946e+000  2.6705798e+000  1.7613727e+000  3.2974120e+000
  2.0000000e+000  1.7927381e+000  4.7440858e+000  1.5897725e+000  2.9224906e+000  4.1992125e+000
  2.0000000e+000  3.1548705e+000  2.4287193e+000  4.1014815e+000  4.5901091e+000  2.7799828e+000
  2.0000000e+000  4.8217782e+000  4.8486797e+000  2.4076112e+000  3.4193275e+000  2.8249258e+000
  2.0000000e+000  3.3623492e+000  3.3972945e+000  1.5033072e+000  3.4186439e+000  6.2416208e+000
  2.0000000e+000  3.9368035e+000  1.5747402e+000  4.3053811e+000  4.3874001e+000  3.1428760e+000
  2.0000000e+000  2.7286115e+000  3.6271852e+000  1.2679686e+000  1.5186320e+000  1.9355198e+000
  1.0000000e+000  4.0245964e+000  3.2535204e+000  3.5815466e+000  3.5248578e+000  3.4117675e+000
  1.0000000e+000  2.5844428e+000  3.6477430e+000  4.7078557e+000  3.0578768e+000  3.1240425e+000
  1.0000000e+000  4.0694829e+000  2.6702137e+000  3.1676235e+000  3.0150574e+000  3.5897714e+000
  2.0000000e+000  3.9909653e+000  3.3720452e+000  2.9102937e+000  2.8615558e+000  4.2670076e+000
  2.0000000e+000  4.5155613e+000  2.3885166e+000  2.3815176e+000  2.8376345e+000  2.0866636e+000
  2.0000000e+000  3.5528779e+000  1.7468600e+000  2.7324248e+000  1.8876028e+000  2.4641087e+000
  2.0000000e+000  3.5291754e+000  2.7670459e+000  3.7003080e+000  2.8253515e+000  4.4016818e+000
  2.0000000e+000  2.6448655e+000  3.0904137e+000  2.6075196e+000  1.4191438e+000  2.5300250e+000
  2.0000000e+000  3.6522615e+000  3.8068394e+000  2.2930351e+000  2.6703218e+000  2.7295283e+000
  2.0000000e+000  2.4666820e+000  2.5122260e+000  9.3223527e-001  1.2018801e+000  4.0216264e+000
  2.0000000e+000  2.1279065e+000  3.2082309e+000  4.0888382e+000  4.0060707e+000  3.9908471e+000
  2.0000000e+000  4.0370658e+000  4.8082656e+000  1.9031765e+000  4.1659534e+000  4.8501139e+000
  2.0000000e+000  2.0282171e+000  4.5782777e+000  3.6456220e+000  4.7107916e+000  2.7929050e+000
  1.0000000e+000  2.7575039e+000  3.0755087e+000  2.2616114e+000  3.2693630e+000  3.5467731e+000
  2.0000000e+000  3.6938174e+000  3.4970644e+000  3.1368957e+000  3.0941296e+000  2.9356255e+000
  1.0000000e+000  2.9891938e+000  2.2427670e+000  2.8284478e+000  3.8576236e+000  3.3396481e+000
  2.0000000e+000  2.5321428e+000  1.9623634e+000  2.9993245e+000  1.4136397e+000  2.4287623e+000
  1.0000000e+000  3.2483236e+000  2.5578790e+000  3.3235975e+000  2.3664603e+000  3.3818637e+000
  2.0000000e+000  3.3477285e+000  2.2628058e+000  1.7773408e+000  4.4372550e+000  2.7605053e+000
  2.0000000e+000  3.9831192e+000  3.1248461e+000  2.9153247e+000  2.4916391e+000  2.6430500e+000
  2.0000000e+000  2.8933294e+000  4.1691980e+000  2.8963036e+000  2.0838349e+000  9.4746848e-001
  2.0000000e+000  2.4753431e+000  3.2681051e+000  2.8211830e+000  4.0889138e+000  3.4725478e+000
  2.0000000e+000  3.1496881e+000  3.8006018e+000  4.4018545e+000  1.9453625e+000  2.8813588e+000
  2.0000000e+000  2.4515142e+000  2.9311085e+000  2.2708274e+000  4.4389727e+000  2.9279017e+000
  2.0000000e+000  3.2504438e+000  4.3334266e+000  3.2581849e+000  2.9296039e+000  2.6510653e+000
  2.0000000e+000  4.7516020e+000  2.3161297e+000  3.4376812e+000  3.9719067e+000  3.2446506e+000
  2.0000000e+000  3.3463094e+000  1.5292437e+000  2.2769110e+000  2.6914856e+000  2.8878817e+000
  1.0000000e+000  2.6031925e+000  3.5862416e+000  2.8031536e+000  2.4251967e+000  3.4578295e+000
  2.0000000e+000  3.9767383e+000  3.8311347e+000  2.1669347e+000  2.3422732e+000  2.8971898e-001
  2.0000000e+000  3.7116031e+000  9.2159567e-001  1.4548497e+000  1.5118845e+000  3.2393623e+000
  1.0000000e+000  2.6972690e+000  3.6597865e+000  3.8168737e+000  3.3009372e+000  3.6298686e+000
  1.0000000e+000  3.2453379e+000  2.7891768e+000  2.7679691e+000  2.6458417e+000  3.2336634e+000
  2.0000000e+000  3.4916638e+000  4.3446245e+000  1.6695809e+000  4.7202860e+000  2.5701221e+000
  2.0000000e+000  4.3281583e+000  2.1330422e+000  4.4977820e+000  3.7031105e+000  5.9062319e+000
  2.0000000e+000  3.8625375e+000  2.4715120e+000  4.8242637e+000  3.4953119e+000  1.5699409e+000
  2.0000000e+000  2.5520687e+000  5.9548171e+000  3.0695419e+000  3.7388246e+000  2.6484217e+000
  2.0000000e+000  2.4020528e+000  3.9002087e+000  4.1408394e-001  2.1994370e+000  2.2911388e+000
  2.0000000e+000  1.3877948e+000  2.7965103e+000  1.6141034e+000  1.9917377e+000  2.6738033e+000
  1.0000000e+000  4.2683916e+000  2.7963333e+000  2.9447788e+000  3.4502331e+000  3.7582169e+000
  2.0000000e+000  3.0105606e+000  1.2973763e+000  1.2983512e+000  3.8732164e+000  2.8713837e+000
  2.0000000e+000  4.1100924e+000  2.5399705e+000  1.0529508e+000  2.5409484e+000  1.7827962e+000
  1.0000000e+000  3.4308784e+000  2.8820930e+000  4.0388542e+000  3.5262720e+000  3.6312245e+000
  2.0000000e+000  1.4133738e+000  3.4020397e+000  4.9057275e+000  1.5386649e+000  1.9223055e+000
  2.0000000e+000  3.0373617e+000  3.1497533e+000  3.9704712e+000  3.2887444e+000  2.4118878e+000
  1.0000000e+000  2.7878883e+000  1.1019344e+000  2.0254798e+000  3.1243866e+000  3.5698447e+000
  2.0000000e+000  1.8504432e+000  3.7953295e+000  4.6290194e+000  3.2773985e+000  4.0321746e+000
  1.0000000e+000  2.1609063e+000  1.3773327e+000  3.1425010e+000  3.0056007e+000  3.4893855e+000
  2.0000000e+000  3.0829931e+000  3.4104625e+000  1.7837930e+000  2.9898794e+000  1.3831021e+000
  1.0000000e+000  3.6307228e+000  2.0158468e+000  3.7409106e+000  3.2257712e+000  3.8985464e+000
  2.0000000e+000  2.8231264e+000  2.8032561e+000  2.2283891e+000  1.9733705e+000  2.6842341e+000
  2.0000000e+000  2.2461492e+000  2.8232074e+000  1.4550413e+000  1.3930266e+000  2.1162399e+000
  1.0000000e+000  3.5085299e+000  2.9941458e+000  3.7895189e+000  3.2783571e+000  3.0814562e+000
  1.0000000e+000  3.5963274e+000  3.1118434e+000  3.7283566e+000  2.6393078e+000  3.2417968e+000
  2.0000000e+000  3.5768723e+000  5.1694392e+000  1.4392715e+000  3.5883649e+000  4.8719670e+000
  2.0000000e+000  2.1596455e+000  4.5216786e+000  4.3437645e+000  3.1101777e+000  4.1284489e+000
  1.0000000e+000  2.6615843e+000  3.8976857e+000  3.0032228e+000  3.9573482e+000  3.0596196e+000
  1.0000000e+000  3.6378853e+000  1.1530125e+000  2.4676689e+000  3.7435069e+000  3.1124288e+000
  2.0000000e+000  4.0671966e+000  2.0405858e+000  3.2554138e+000  3.2012065e+000  2.8421249e+000
  2.0000000e+000  2.1220103e+000  3.9854683e+000  4.7661125e+000  3.3675923e+000  4.0859625e+000
  2.0000000e+000  1.9896459e+000  3.3863231e+000  2.5239480e+000  5.2375052e+000  2.7457495e+000
  2.0000000e+000  1.9958336e+000  2.7266170e+000  2.9489820e+000  9.7463928e-001  4.2763957e+000
  2.0000000e+000  3.3482005e+000  3.7401052e+000  3.7587700e+000  3.5081855e+000  4.0511031e+000
  2.0000000e+000  3.0701846e+000  3.6576623e+000  3.0012946e+000  4.3711307e+000  2.8655942e+000
  2.0000000e+000  3.3035551e+000  4.6010957e+000  4.2690172e+000  1.6635703e+000  3.8875838e+000
  2.0000000e+000  3.5239053e+000  1.0040717e-001  3.1356592e+000  2.2697339e+000  3.3364836e+000
  2.0000000e+000  2.1720153e+000  3.2901160e+000  2.5043932e+000  2.4233774e+000  2.8897956e+000
  2.0000000e+000  2.5959119e+000  1.9754560e+000  3.0426387e+000  3.0980433e+000  4.4988525e+000
  2.0000000e+000  3.8397104e+000  4.2602323e+000  3.2450926e+000  3.7398294e+000  1.9606725e+000
  1.0000000e+000  3.2888715e+000  2.0851471e+000  3.2346612e+000  3.4395866e+000  3.1257612e+000
  2.0000000e+000  2.5698558e+000  3.6278506e+000  2.7995813e+000  3.3160792e+000  4.3646066e+000
  2.0000000e+000  2.4937200e+000  3.2773580e+000  3.1023719e+000  2.9161518e+000  2.9441023e+000
  2.0000000e+000  3.5968442e+000  2.1833946e+000  3.1902974e+000  1.1954221e+000  1.8495816e+000
  1.0000000e+000  3.7410214e+000  3.5149256e+000  1.8075232e+000  3.2728178e+000  3.3959253e+000
  2.0000000e+000  5.8685970e+000  4.4930417e+000  2.9998673e+000  1.9388300e+000  2.8038481e+000
  2.0000000e+000  2.8412639e+000  3.4349457e+000  3.0849212e+000  2.5384493e+000  1.2761728e+000
  1.0000000e+000  2.0092314e+000  3.7903378e+000  3.9096058e+000  3.9971535e+000  3.0385408e+000
  2.0000000e+000  3.6898217e+000  3.7226108e+000  3.3925869e+000  4.1701178e+000  3.5680004e+000
  2.0000000e+000  4.1608310e+000  1.8521638e+000  4.3047373e+000  1.4744437e+000  4.1317852e+000
  2.0000000e+000  2.6557230e+000  3.1826921e+000  2.1860665e+000  3.7156373e+000  5.4832689e+000
  2.0000000e+000  2.2029999e+000  3.2987021e+000  3.3735744e+000  1.1180316e+000  3.2207453e+000
  1.0000000e+000  3.3853917e+000  3.0966464e+000  2.0866468e+000  2.4353449e+000  3.5783140e+000
  2.0000000e+000  2.5792333e+000  1.6770664e+000  3.5236519e+000  2.1398888e+000  1.3846212e+000
  1.0000000e+000  3.8736468e+000  3.5783761e+000  2.1670986e+000  3.3843909e+000  3.1802899e+000
  1.0000000e+000  1.9827115e+000  4.5796588e+000  4.3136219e+000  2.7696132e+000  3.9602517e+000
  1.0000000e+000  2.0859516e+000  2.8872887e+000  2.9546010e+000  2.2084075e+000  3.4335434e+000
  2.0000000e+000  3.2439924e+000  7.5290357e-001  3.1386180e+000  2.8850237e+000  5.3221251e+000
  2.0000000e+000  2.7084425e+000  4.2532088e+000  2.5047455e+000  3.4571437e+000  2.1733088e+000
  2.0000000e+000  4.2853494e+000  1.7342909e+000  3.4398823e+000  3.6950196e+000  2.5478077e+000
  2.0000000e+000  2.1159181e+000  3.3467360e+000  3.7552465e+000  4.1978010e+000  3.9249426e+000
  2.0000000e+000  3.1403628e+000  1.8086771e+000  3.6715964e+000  3.3950086e+000  4.3049886e+000
  2.0000000e+000  3.1961067e+000 -1.0472497e-001  3.4793115e+000  2.1893975e+000  2.7819904e+000
  2.0000000e+000  2.8879476e+000  3.2194744e+000  5.5958580e+000  2.7723687e+000  4.4925415e+000
  2.0000000e+000  2.4658754e+000  1.9655843e+000  2.3757679e+000  3.3299076e+000  4.9365203e+000
  2.0000000e+000  2.7619623e+000  3.2645709e+000  9.3951111e-001  1.4151612e+000  2.7567537e+000
  1.0000000e+000  2.8869537e+000  2.0583833e+000  2.3615199e+000  3.0505802e+000  3.2175489e+000
  1.0000000e+000  2.9693932e+000  3.1734765e+000  3.1150177e+000  3.7811807e+000  3.0434796e+000
  2.0000000e+000  2.4887951e+000  1.9965499e+000  2.9224250e+000  3.4221694e+000  2.8026767e+000
  2.0000000e+000  3.6069767e+000  2.7459307e+000  2.6270163e+000  4.2562319e+000  2.1488073e+000
  1.0000000e+000  3.6542780e+000  4.4063454e+000  3.0343638e+000  3.1173169e+000  3.8982341e+000
  2.0000000e+000  2.0488226e+000  2.6346892e+000  4.4580592e+000  3.0675022e+000  2.2495566e+000
  2.0000000e+000  1.9693855e+000  1.5837764e+000  3.1956327e+000  4.7682833e+000  1.6451029e+000
  2.0000000e+000  3.6488630e+000  2.5997231e+000  4.2834620e+000  4.1890919e+000  4.9965573e+000
  2.0000000e+000  4.1674907e+000  2.5652157e+000  3.7116826e+000  3.1974467e+000  2.9642360e+000
  2.0000000e+000  1.1689890e+000  2.7210710e+000  2.4183264e+000  3.0903071e+000  1.9284050e+000
  2.0000000e+000  4.4365577e+000  3.0430397e+000  2.6314304e+000  1.5770972e+000  4.3426861e+000
  2.0000000e+000  5.1458167e+000  2.8867118e+000  2.7809246e+000  3.0694381e+000  4.4320235e+000
  2.0000000e+000  1.8313901e+000  3.3301643e+000  2.6717888e+000  2.9072028e+000  2.2800976e+000
  2.0000000e+000  1.5494650e+000  2.8695841e+000  4.2489647e+000  4.4676891e+000  2.6629335e+000
  2.0000000e+000  5.1850056e+000  4.2060682e+000  1.4798014e+000  4.3898228e+000  1.5427717e+000
  1.0000000e+000  2.2930517e+000  2.5335771e+000  3.1545067e+000  2.6386683e+000  3.3489737e+000
  2.0000000e+000  2.9290351e+000  3.6717153e+000  2.4171502e+000  2.4817709e+000  5.9121451e+000
  2.0000000e+000  3.3027440e+000  4.1537142e+000  5.4843790e+000  3.1593795e+000  2.9006418e+000
  2.0000000e+000  3.6181015e+000  3.0436192e+000  2.8340622e+000  4.3014151e+000  2.2476138e+000
  2.0000000e+000  2.1224323e+000  2.1147186e+000  4.0962047e+000  2.7570291e+000  2.9896872e+000
  2.0000000e+000  2.7558605e+000  2.7602402e+000  1.7775361e+000  2.4444295e+000  1.7026115e+000
  1.0000000e+000  4.6053065e+000  4.2872004e+000  1.4965552e+000  2.2877293e+000  3.1858953e+000
  2.0000000e+000  2.8590565e+000  3.3731528e+000  3.9519201e+000  2.6128657e+000  1.3728818e+000
  2.0000000e+000  3.5511177e+000  2.8679471e+000  2.7464907e+000  3.0818604e+000  4.0692234e+000
  1.0000000e+000  2.2846589e+000  3.9077716e+000  2.8045620e+000  2.5560310e+000  3.4480315e+000
  2.0000000e+000  2.3361947e+000  2.5056319e+000  1.7195267e+000  2.9187425e+000  2.9622101e+000
  2.0000000e+000  2.1375852e+000  2.1963264e+000  3.2061079e+000  3.0721807e+000  2.7176556e+000
  2.0000000e+000  3.8470606e+000  1.9395150e+000  4.3296757e+000  3.2951919e+000 -2.3591060e-001
  2.0000000e+000  3.4436812e+000  3.8398750e+000  1.2877764e+000  4.5440607e+000  3.3406907e+000
  2.0000000e+000  3.3995238e+000  3.8525440e+000  1.2651269e+000  4.6768238e+000  1.4986824e+000
  2.0000000e+000  3.6239062e+000  3.1517557e+000  3.4367203e+000  1.9831293e+000  3.6160130e+000
  2.0000000e+000  2.0516782e+000  2.1582561e+000  2.7427963e+000  3.7157976e+000  2.9042838e+000
  1.0000000e+000  2.4646619e+000  2.9701810e+000  1.8823099e+000  2.6107281e+000  3.2557918e+000
  2.0000000e+000  3.3672541e+000  1.6751393e+000  2.6203776e+000  8.9626367e-001  3.3972540e+000
  2.0000000e+000  3.2020374e+000  2.8583377e+000  2.8384826e+000  2.0509105e+000  2.6700006e+000
  2.0000000e+000  3.9944519e+000  4.2848776e+000  2.7079217e+000  3.7637369e+000  1.4600742e+000
  2.0000000e+000  3.1345324e+000  2.0363172e+000  4.0501531e+000  3.7262405e+000  4.4286448e+000
  2.0000000e+000  8.0530174e-001  2.1311415e+000  2.7889161e+000  3.5781943e+000  4.5216953e+000
  1.0000000e+000  2.9630452e+000  2.8876982e+000  2.7817914e+000  3.9489505e+000  3.2971291e+000
  2.0000000e+000  4.4439062e+000  3.8362586e+000  1.5518430e+000  3.4842559e+000  4.2811703e+000
  1.0000000e+000  4.1689455e+000  4.4570836e+000  3.4742867e+000  2.4817537e+000  3.8198776e+000
  2.0000000e+000  3.9701045e+000  5.1988266e+000  3.0367621e+000  4.3920274e+000  4.7541690e+000
  2.0000000e+000  1.5473376e+000  2.6627369e+000  3.2884982e+000  2.0655739e+000  2.7058332e+000
  2.0000000e+000  1.8693218e+000  4.4611819e+000  1.9596378e+000  2.3328130e+000  3.8131564e+000
  1.0000000e+000  4.8318205e+000  1.1863038e+000  2.3358678e+000  3.1699648e+000  3.3593805e+000
  2.0000000e+000  4.3451664e+000  2.6951027e+000  3.2763780e+000  4.3905613e+000  2.2538965e+000
  2.0000000e+000  2.6785429e+000  1.8296560e+000  4.2570302e+000  2.4489123e+000  2.0622738e+000
  2.0000000e+000  1.6256232e+000  5.4392324e+000  4.2242850e+000  2.8130170e+000  1.8416491e+000
  1.0000000e+000  4.3041919e+000  1.8000959e+000  4.7207030e+000  3.8356219e+000  3.0461128e+000
  2.0000000e+000  2.5172421e+000  2.1026820e+000  1.4819566e+000  5.4714136e-001  2.7841450e+000
  2.0000000e+000  1.4038745e+000  3.0259820e+000  2.7598803e+000  3.8688213e+000  2.7505220e+000
  2.0000000e+000  2.6493251e+000  3.3612897e+000  2.8884081e+000  3.6578596e+000  1.9006956e+000
  2.0000000e+000  2.4168868e+000  4.6147036e+000  6.5882116e-001  2.2574131e+000  4.0522635e+000
  2.0000000e+000  2.5645063e+000  1.6545287e+000  2.4962781e+000  4.6816152e+000  1.8986407e+000
  2.0000000e+000  1.6525094e+000  2.2149522e+000  3.0630150e+000  1.8076912e+000  2.6200742e+000
  2.0000000e+000  4.1232358e+000  3.8225511e+000  5.0200067e+000  4.2916861e+000  4.9744574e+000
  2.0000000e+000  3.9771109e+000  1.4292054e+000  4.3971318e+000  3.3319867e+000  1.3299778e+000
  2.0000000e+000  4.7925957e+000  1.7303012e+000  2.4558084e+000  2.3821640e+000  2.5791063e+000
  2.0000000e+000  4.5257504e+000  2.8355814e+000  4.2838868e+000  3.4432740e+000  1.9033994e+000
  1.0000000e+000  2.1592363e+000  3.4252144e+000  2.6743574e+000  2.1892329e+000  3.3696491e+000
  2.0000000e+000  2.8915290e+000  3.2270337e+000  3.9206207e+000  2.9137806e+000  2.5520605e+000
  2.0000000e+000  2.0534217e+000  1.7254012e+000  1.8357788e+000  4.7343897e+000  2.8807163e+000
  2.0000000e+000  2.8523653e+000  1.3252114e+000  3.1741299e+000  3.6217495e+000  2.6290339e+000
  1.0000000e+000  3.7052458e+000  4.3779465e+000  4.6313756e+000  3.1529820e+000  3.7532752e+000
  2.0000000e+000  4.6757542e+000  2.8255734e+000  2.3221685e+000  5.1989282e+000  2.3102667e+000
  2.0000000e+000  2.7399768e+000  1.4582158e+000  2.5714157e+000  3.6848775e+000  4.3934616e+000
  2.0000000e+000  2.6628231e+000  3.5177585e+000  2.6299930e+000  4.9243784e+000  3.9323311e+000
  2.0000000e+000  1.7514543e+000  3.5405249e+000  4.3321948e+000  2.9944324e+000  4.1715400e+000
  1.0000000e+000  1.9905744e+000  2.9311619e+000  2.2831877e+000  3.2655515e+000  3.3610744e+000
  2.0000000e+000  1.9191611e+000  4.8968527e+000  3.2957972e+000  8.6254775e-001  5.6727296e+000
  2.0000000e+000  3.0462809e+000  3.9221944e+000  1.2103530e+000  5.1309601e+000  2.4434101e+000
  2.0000000e+000  2.8441750e+000  3.7853695e+000  2.8076596e+000  3.1754137e+000  1.8794106e+000
  1.0000000e+000  3.3795320e+000  1.8639881e+000  2.4504628e+000  2.1753384e+000  3.4312069e+000
  1.0000000e+000  4.0546613e+000  1.7636643e+000  3.3265225e+000  2.8339779e+000  3.5657073e+000
  2.0000000e+000  1.6001634e+000  4.2064011e+000  2.7219820e+000  1.6687104e+000  3.3972603e+000
  2.0000000e+000  3.1051253e+000  2.4269160e+000  2.8400564e+000  5.1097071e+000  2.5314173e+000
  2.0000000e+000  4.6170386e+000  4.2100212e+000  3.3109573e+000  2.2938528e+000  1.7559735e+000
  1.0000000e+000  3.0969023e+000  4.1234993e+000  3.3529207e+000  3.2954753e+000  3.8843067e+000
  2.0000000e+000  2.0174686e+000  3.4068238e+000  3.7503285e+000  1.0643438e+000  2.7706327e+000
  2.0000000e+000  3.2451454e+000  3.4190889e+000  3.1664060e+000  2.5423377e+000  3.9639927e+000
  2.0000000e+000  3.1379681e+000  3.4539302e+000  3.3398873e+000  1.8123202e+000  4.8910028e+000
  2.0000000e+000  3.2680790e+000  3.5058851e+000  2.2758728e+000  2.6142644e+000  2.3067273e+000
  2.0000000e+000  3.6001801e+000  3.0039294e+000  3.0267453e+000  2.6745015e+000  2.5485861e+000
  1.0000000e+000  2.7076162e+000  1.2136553e+000  3.1587823e+000  3.4836919e+000  3.7137870e+000
  2.0000000e+000  3.5441832e+000  2.9858161e+000  1.2191305e+000  3.5666822e+000  2.1991181e+000
  2.0000000e+000  1.9764687e+000  2.0576553e+000  1.9912608e+000  4.3731762e+000  4.6666261e+000
  2.0000000e+000  9.7936194e-001  2.7592895e+000  2.9257206e+000  3.7645308e+000  3.8381396e+000
  2.0000000e+000  4.2888048e+000  4.0945667e+000  2.9294532e+000  4.4491372e+000  1.6389833e+000
  2.0000000e+000  4.2596614e+000  2.3430909e+000  3.4736226e+000  1.5920597e+000  3.8285183e+000
  1.0000000e+000  2.6741415e+000  4.9889127e+000  3.9658668e+000  3.9550889e+000  3.1010435e+000
  2.0000000e+000  1.8143481e+000  2.5887989e+000  1.2131932e+000  2.3573408e+000  2.7585714e+000
  2.0000000e+000  2.0972420e+000  2.5869925e+000  3.1348537e+000  3.4704037e+000  3.9388548e+000
  2.0000000e+000  2.7428544e+000  4.0165584e+000  3.4511833e+000  2.5005680e+000  2.7569828e+000
  2.0000000e+000  2.4750689e+000  9.1509814e-001  2.8962032e+000  4.0809333e+000  1.1100195e+000
  2.0000000e+000  3.3517388e+000  3.5471873e+000  3.2040364e+000  3.5358436e+000  2.3840377e+000
  2.0000000e+000  2.0236883e+000  2.8700870e+000  2.1114289e+000  1.8375942e+000  3.1072880e+000
